From /home/will/bnl/hsr_lattice/EIC-HSR-240102b/hi-n/275-10-collision, run:
tao -init tao.init 
Then run:
sho track -points 1000 -twiss -dispersion -position no -momentum no
(Accurate as of April 5, 2024 - have to remove the px, py, pz columns manually)
# Ix S Beta_a Alpha_a Beta_b Alpha_b Eta_x Etap_x Eta_y Etap_y
1 0.000000 0.800000 0.000000 0.072000 0.000000 -0.000000 0.000000 0.000000 0.000000
2 3.837729 19.204207 -4.796380 204.563193 -53.293109 0.000000 0.000000 0.000000 0.000000
3 7.675458 103.050740 -22.827809 568.978072 -7.272852 0.000000 0.000000 0.000000 0.000000
4 11.513186 508.576831 -66.260512 294.772414 29.600776 0.000000 0.000000 0.000000 -0.000000
5 15.350915 813.347826 -9.174155 190.420522 3.016514 0.000000 0.000000 0.000000 -0.000000
6 19.188644 885.305837 -9.576001 168.048537 2.812972 0.000000 0.000000 0.000000 -0.000000
7 23.026373 960.348199 -9.977847 147.238830 2.609430 0.000000 0.000000 0.000000 -0.000000
8 26.864102 1038.474914 -10.379693 127.991402 2.405888 0.000000 0.000000 0.000000 -0.000000
9 30.701830 1119.685982 -10.781539 110.306252 2.202346 0.000000 0.000000 0.000000 -0.000000
10 34.539559 1203.981401 -11.183385 94.183382 1.998803 0.000000 0.000000 0.000000 -0.000000
11 38.377288 1290.272348 -8.684010 79.690494 1.616181 0.000000 0.000000 0.000000 -0.000000
12 42.215017 1300.022317 0.004143 71.195930 0.976830 0.000000 0.000000 0.000000 -0.000000
13 46.052746 1300.001845 0.001191 64.102572 0.871492 0.000000 0.000000 0.000000 -0.000000
14 49.890475 1300.004031 -0.001761 57.817736 0.766153 0.000000 0.000000 0.000000 -0.000000
15 53.728203 1300.028877 -0.004713 52.341422 0.660814 0.000000 0.000000 0.000000 -0.000000
16 57.565932 1189.340788 48.397759 52.037734 -1.421673 0.000000 -0.000000 0.000000 -0.000000
17 61.403661 846.884549 40.836331 63.804802 -1.644481 0.000000 -0.000000 -0.000000 -0.000000
18 65.241390 562.465734 33.274902 77.282015 -1.867288 0.000000 -0.000000 -0.000000 -0.000000
19 69.079119 336.084343 25.713474 92.469375 -2.090095 0.000000 -0.000000 -0.000000 -0.000000
20 72.916847 167.740377 18.152045 109.366881 -2.312902 0.000000 -0.000000 -0.000000 -0.000000
21 76.754576 57.439994 10.592179 127.947348 -2.530730 -0.019116 -0.013253 -0.000000 -0.000000
22 80.592305 7.492850 2.717289 118.703029 8.447929 -0.089348 -0.022369 -0.000000 0.000000
23 84.430034 3.115576 -1.576699 62.840357 6.108251 -0.175194 -0.022369 -0.000000 0.000000
24 88.267763 31.314688 -5.059312 25.274914 3.118667 -0.259408 -0.015773 -0.000000 0.000000
25 92.105491 37.076080 1.408016 24.316740 -1.244839 -0.193669 0.032007 -0.000000 -0.000000
26 95.943220 27.453690 1.099298 35.415704 -1.647227 -0.070836 0.032007 -0.000000 -0.000000
27 99.780949 20.200854 0.790579 49.603182 -2.049615 0.051996 0.032007 -0.000000 -0.000000
28 103.618678 15.317572 0.481861 66.879171 -2.452003 0.174829 0.032007 -0.000000 -0.000000
29 107.456407 18.186088 -1.289906 60.689689 3.880853 0.340684 0.054883 -0.000000 0.000000
30 111.294135 30.244076 -1.852007 34.799543 2.865289 0.556350 0.058046 -0.000000 0.000000
31 115.131864 36.840440 1.828451 21.861257 -0.216604 0.697223 -0.014304 -0.000000 -0.000000
32 118.969593 24.542011 1.376491 24.229110 -0.400390 0.645081 -0.009546 -0.000000 -0.000000
33 122.807322 15.709474 0.924818 28.007603 -0.584175 0.638728 0.006235 -0.000000 -0.000000
34 126.645051 10.348257 0.471887 33.196734 -0.767961 0.685387 0.014136 -0.000000 -0.000000
35 130.482779 10.236902 -0.376595 32.783913 0.647738 0.810675 0.048966 -0.000000 0.000000
36 134.320508 14.972897 -1.154541 28.046792 1.144632 1.030593 0.081843 -0.000000 0.000000
37 138.158237 29.046939 -2.255766 17.269631 1.175918 1.424534 0.109018 -0.000000 0.000000
38 141.995966 47.908569 -0.348775 10.617568 0.059029 1.832242 0.013096 -0.000000 0.000000
39 145.833695 34.212116 1.736156 15.865510 -0.953449 1.545110 -0.076622 -0.000000 0.000000
40 149.671424 22.607949 1.287298 24.955879 -1.415235 1.281235 -0.060891 -0.000000 0.000000
41 153.509152 14.454206 0.837151 37.590668 -1.877022 1.077762 -0.045145 -0.000000 0.000000
42 157.346881 11.455047 -0.589919 46.011317 2.129894 0.985221 0.043953 -0.000000 0.000000
43 161.184610 17.714984 -1.040929 31.435614 1.668108 1.162352 0.052282 -0.000000 0.000000
44 165.022339 27.430920 -1.490549 20.404331 1.206322 1.393202 0.068022 0.000000 0.000000
45 168.860068 40.592498 -1.938858 12.917469 0.744536 1.684284 0.082663 0.000000 0.000000
46 172.697796 44.533027 2.054548 11.565278 -0.625801 1.765852 -0.082663 0.000000 0.000000
47 176.535525 30.486417 1.605932 18.140796 -1.087587 1.462318 -0.072066 0.000000 0.000000
48 180.373254 19.883480 1.156653 28.260735 -1.549373 1.215938 -0.056330 0.000000 0.000000
49 184.210983 12.733845 0.706039 41.925095 -2.011160 1.028592 -0.043953 0.000000 0.000000
50 188.048712 12.916535 -0.721103 41.412165 1.995756 1.034218 0.043953 0.000000 -0.000000
51 191.886440 20.181530 -1.171661 27.866033 1.533970 1.223183 0.056855 0.000000 -0.000000
52 195.724169 30.899486 -1.620893 17.864321 1.072184 1.471577 0.072591 0.000000 -0.000000
53 199.561898 45.060958 -2.069556 11.407030 0.610398 1.776434 0.082663 0.000000 -0.000000
54 203.399627 40.098029 1.923849 13.110059 -0.759939 1.673702 -0.082663 0.000000 0.000000
55 207.237356 27.051224 1.475573 20.715148 -1.221725 1.384528 -0.067497 0.000000 0.000000
56 211.075084 17.450405 1.025911 31.864658 -1.683511 1.155693 -0.051756 0.000000 0.000000
57 214.912813 11.305943 0.574855 46.558589 -2.145298 0.979595 -0.043953 0.000000 0.000000
58 218.750542 14.670459 -0.852182 37.112080 1.861618 1.083580 0.045682 0.000000 -0.000000
59 222.588271 22.939438 -1.302293 24.595519 1.399832 1.289112 0.061428 0.000000 -0.000000
60 226.426000 34.658508 -1.751100 15.623378 0.938046 1.555045 0.077158 0.000000 -0.000000
61 230.263729 49.273907 -0.720510 10.310987 0.169033 1.858300 0.027313 -0.000000 -0.000000
62 234.101457 35.953824 1.793748 14.953906 -0.894077 1.583513 -0.078655 -0.000000 -0.000000
63 237.939186 23.906813 1.345089 23.588566 -1.355863 1.311832 -0.062926 -0.000000 -0.000000
64 241.776915 15.308924 0.895083 35.767647 -1.817649 1.100546 -0.047181 -0.000000 -0.000000
65 245.614644 10.930879 -0.369983 48.014606 1.476902 0.964829 0.029605 -0.000000 0.000000
66 249.452373 16.716320 -0.983036 33.111061 1.727480 1.137054 0.050257 -0.000000 0.000000
67 253.290101 25.988475 -1.432815 21.624070 1.265694 1.360138 0.065999 -0.000000 0.000000
68 257.127830 38.707670 -1.881159 13.681501 0.803908 1.643604 0.081724 -0.000000 0.000000
69 260.965559 46.589076 2.112398 10.977009 -0.566429 1.806640 -0.082663 -0.000000 -0.000000
70 264.803288 32.099662 1.663589 17.096819 -1.028215 1.498376 -0.074088 -0.000000 -0.000000
71 268.641017 21.053449 1.214492 26.761050 -1.490001 1.244232 -0.058354 -0.000000 -0.000000
72 272.478745 13.459241 0.764103 39.969702 -1.951787 1.050279 -0.043953 -0.000000 -0.000000
73 276.316474 12.233574 -0.663039 43.410949 2.055128 1.012531 0.043953 -0.000000 0.000000
74 280.154203 19.053835 -1.113808 29.409108 1.593342 1.195629 0.054831 -0.000000 0.000000
75 283.991932 29.328384 -1.563216 18.951688 1.131556 1.436259 0.070569 -0.000000 0.000000
76 287.829661 43.047185 -2.011706 12.038689 0.669770 1.735646 0.082663 -0.000000 0.000000
77 291.667389 42.025100 1.981699 12.389418 -0.700567 1.714490 -0.082663 0.000000 0.000000
78 295.505118 28.535855 1.533288 19.538799 -1.162353 1.418331 -0.069519 0.000000 0.000000
79 299.342847 18.491374 1.083792 30.232601 -1.624139 1.181730 -0.053781 0.000000 0.000000
80 303.180576 11.901882 0.632920 44.470823 -2.085926 1.001282 -0.043953 0.000000 0.000000
81 307.018305 13.858084 -0.794222 38.978491 1.920990 1.061528 0.043953 0.000000 -0.000000
82 310.856033 21.682808 -1.244485 26.006221 1.459204 1.259302 0.059404 0.000000 -0.000000
83 314.693762 32.958883 -1.693485 16.578372 0.997418 1.517473 0.075137 0.000000 -0.000000
84 318.531491 47.678064 -2.142405 10.694944 0.535632 1.827797 0.082663 0.000000 -0.000000
85 322.369220 37.752369 1.851312 14.100892 -0.834705 1.622821 -0.080676 0.000000 0.000000
86 326.206949 25.262704 1.402858 22.279844 -1.296491 1.343380 -0.064949 0.000000 0.000000
87 330.044678 16.220804 0.953000 34.003217 -1.758277 1.124326 -0.049207 0.000000 0.000000
88 333.882406 10.806605 0.116442 48.514130 -0.471292 0.959844 -0.009366 0.000000 -0.000000
89 337.720135 15.774794 -0.925127 34.845099 1.786852 1.112756 0.048232 0.000000 -0.000000
90 341.557864 24.603016 -1.375058 22.902400 1.325066 1.328072 0.063976 0.000000 -0.000000
91 345.395593 36.879663 -1.823611 14.504122 0.863280 1.603778 0.079703 0.000000 -0.000000
92 349.233322 48.649424 1.715134 10.458746 -0.409290 1.846425 -0.065434 0.000000 -0.000000
93 353.071050 33.769792 1.721218 16.111433 -0.968843 1.535431 -0.076110 -0.000000 -0.000000
94 356.908779 22.280486 1.272310 25.319956 -1.430629 1.273525 -0.060378 -0.000000 -0.000000
95 360.746508 14.241931 0.822128 38.072900 -1.892415 1.072022 -0.044631 -0.000000 -0.000000
96 364.584237 11.607912 -0.604974 45.468322 2.114500 0.990844 0.043953 -0.000000 0.000000
97 368.421966 17.983240 -1.055937 31.010774 1.652714 1.169074 0.052807 -0.000000 0.000000
98 372.259694 27.814213 -1.505514 20.097646 1.190928 1.401938 0.068546 -0.000000 0.000000
99 376.097423 41.090502 -1.953857 12.728939 0.729142 1.694859 0.082663 -0.000000 0.000000
100 379.935152 44.009260 2.039549 11.727367 -0.641195 1.755277 -0.082663 -0.000000 -0.000000
101 383.772881 30.077429 1.590978 18.421040 -1.102981 1.453132 -0.071542 -0.000000 -0.000000
102 387.610610 19.589452 1.141654 28.659134 -1.564767 1.208766 -0.055805 -0.000000 -0.000000
103 391.448338 12.555121 0.690984 42.441648 -2.026553 1.022969 -0.043953 -0.000000 -0.000000
104 395.286067 13.102966 -0.736158 40.903492 1.980362 1.039841 0.043953 -0.000000 0.000000
105 399.123796 20.483234 -1.186657 27.475514 1.518576 1.230490 0.057380 -0.000000 0.000000
106 402.961525 31.316127 -1.635843 17.591957 1.056790 1.480898 0.073115 -0.000000 0.000000
107 406.799254 45.592402 -2.084555 11.252821 0.595004 1.787009 0.082663 -0.000000 0.000000
108 410.636982 39.607704 1.908850 13.306469 -0.775333 1.663127 -0.082663 -0.000000 0.000000
109 414.474711 26.675592 1.460604 21.029713 -1.237119 1.375927 -0.066972 0.000000 0.000000
110 418.312440 17.189831 1.010901 32.297378 -1.698905 1.149105 -0.051231 0.000000 0.000000
111 422.150169 11.160784 0.559800 47.109463 -2.160691 0.973972 -0.043953 0.000000 0.000000
112 425.987898 14.890424 -0.867203 36.637728 1.846224 1.089457 0.046207 0.000000 -0.000000
113 429.825627 23.274565 -1.317277 24.239321 1.384438 1.297004 0.061952 0.000000 -0.000000
114 433.663355 35.108463 -1.766033 15.385335 0.922652 1.564950 0.077682 0.000000 -0.000000
115 437.501084 49.393814 -0.216350 10.282902 0.050591 1.860571 0.008191 0.000000 0.000000
116 441.338813 35.496778 1.778819 15.184638 -0.909471 1.573484 -0.078131 0.000000 0.000000
117 445.176542 23.564569 1.330107 23.937452 -1.371257 1.303815 -0.062402 0.000000 0.000000
118 449.014271 15.081826 0.880064 36.234688 -1.833043 1.094544 -0.046656 0.000000 0.000000
119 452.851999 11.042046 -0.499360 47.573569 1.968977 0.969266 0.039774 0.000000 -0.000000
120 456.689728 16.969764 -0.998048 32.671030 1.712086 1.143517 0.050782 0.000000 -0.000000
121 460.527457 26.356997 -1.447786 21.302194 1.250300 1.368615 0.066523 0.000000 -0.000000
122 464.365186 39.190899 -1.896075 13.477779 0.788514 1.654093 0.082248 0.000000 -0.000000
123 468.202915 46.050508 2.097398 11.123907 -0.581823 1.796064 -0.082663 0.000000 -0.000000
124 472.040643 31.675921 1.648642 17.361872 -1.043609 1.488931 -0.073564 0.000000 -0.000000
125 475.878372 20.744622 1.199497 27.144258 -1.505395 1.236800 -0.057829 -0.000000 -0.000000
126 479.716101 13.265660 0.749049 40.471064 -1.967181 1.044656 -0.043953 -0.000000 -0.000000
127 483.553830 12.405147 -0.678093 42.887084 2.039735 1.018154 0.043953 -0.000000 -0.000000
128 487.391559 19.340742 -1.128810 29.003398 1.577948 1.202645 0.055344 -0.000000 -0.000000
129 491.229287 29.736187 -1.579993 18.664133 1.116162 1.417712 0.056056 -0.000000 -0.000000
130 495.067016 43.595094 -2.031233 11.869288 0.654376 1.632841 0.056056 -0.000000 -0.000000
131 498.904745 41.776869 1.945961 12.515037 -0.707722 1.522278 -0.094456 -0.000000 -0.000000
132 502.742474 28.522287 1.507824 19.713404 -1.167963 1.182431 -0.080826 -0.000000 -0.000000
133 506.580203 18.634062 1.068543 30.444331 -1.628203 0.902470 -0.065070 -0.000000 -0.000000
134 510.417932 12.122439 0.627873 44.707817 -2.088444 0.678013 -0.055707 -0.000000 -0.000000
135 514.255660 14.375937 -0.801106 38.686793 1.838525 0.617255 0.000459 -0.000000 0.000000
136 518.093389 22.206789 -1.239385 26.242814 1.404012 0.619017 0.000459 -0.000000 0.000000
137 521.931118 33.401632 -1.677664 17.133923 0.969499 0.620780 0.000459 -0.000000 0.000000
138 525.768847 47.960468 -2.115943 11.360120 0.534985 0.622542 0.000459 -0.000000 0.000000
139 529.606576 38.650235 1.554469 14.856931 -0.776441 0.457741 -0.046444 -0.000000 0.000000
140 533.444304 28.014392 1.216260 22.405438 -1.190479 0.304217 -0.037435 -0.000000 0.000000
141 537.282033 19.982488 0.876619 33.131881 -1.604518 0.160552 -0.037435 -0.000000 0.000000
142 541.119762 15.223561 -0.408284 45.023491 0.862478 0.017654 -0.035523 -0.000000 0.000000
143 544.957491 24.447724 -1.490007 28.433316 1.942003 -0.117326 -0.034976 0.000000 0.000000
144 548.795220 37.815927 -1.993066 15.999076 1.297996 -0.221173 -0.019142 0.000000 0.000000
145 552.632948 55.038595 -2.494882 8.507883 0.653990 -0.265578 -0.006624 0.000000 0.000000
146 556.470677 66.276748 3.960146 6.835027 -0.628637 -0.271248 0.021397 0.000000 0.000000
147 560.308406 39.016656 3.053898 14.778504 -1.432230 -0.187620 0.021832 0.000000 0.000000
148 564.146135 26.622504 -1.867739 21.819120 1.672211 -0.123390 0.000685 0.000000 -0.000000
149 567.983864 37.794390 -1.528258 14.181424 0.717959 -0.110513 0.003780 0.000000 -0.000000
150 571.821592 50.824318 -1.866960 10.244650 0.307849 -0.096005 0.003780 0.000000 -0.000000
151 575.659321 66.453938 -2.205662 9.455659 -0.102261 -0.081497 0.003780 0.000000 -0.000000
152 579.497050 84.683249 -2.544364 11.814451 -0.512371 -0.066988 0.003780 0.000000 -0.000000
153 583.334779 105.512251 -2.883066 17.321025 -0.922481 -0.052480 0.003780 -0.000000 -0.000000
154 587.172508 128.940945 -3.221767 25.975382 -1.332591 -0.037972 0.003780 -0.000000 -0.000000
155 591.010236 154.969330 -3.560469 37.777521 -1.742701 -0.023463 0.003780 -0.000000 -0.000000
156 594.847965 183.597406 -3.899171 52.727443 -2.152811 -0.008955 0.003780 -0.000000 -0.000000
157 598.685694 214.825173 -4.237873 70.825148 -2.562922 0.005553 0.003780 -0.000000 -0.000000
158 602.523423 248.652632 -4.576575 92.070635 -2.973032 0.020062 0.003780 -0.000000 -0.000000
159 606.361152 146.941968 17.878541 193.837031 -20.802858 0.027467 0.001093 -0.000000 -0.000000
160 610.198881 105.656592 -4.903924 202.777952 19.155773 0.042641 0.007198 -0.000000 0.000000
161 614.036609 113.074942 4.402951 113.071294 4.402340 0.062691 0.002588 -0.000000 0.000000
162 617.874338 81.936385 3.711043 81.934547 3.710836 0.068874 -0.000114 -0.000000 0.000000
163 621.712067 56.107020 3.019170 56.107020 3.019170 0.061448 -0.003254 -0.000000 0.000000
164 625.549796 35.588813 2.327276 35.588813 2.327276 0.048961 -0.003254 -0.000000 0.000000
165 629.387525 20.381208 1.635382 20.381208 1.635382 0.036474 -0.003254 -0.000000 0.000000
166 633.225253 10.484205 0.943488 10.484205 0.943488 0.023987 -0.003254 -0.000000 0.000000
167 637.062982 5.897805 0.251594 5.897805 0.251594 0.011501 -0.003254 -0.000000 0.000000
168 640.900711 6.622007 -0.440300 6.622007 -0.440300 -0.000986 -0.003254 -0.000000 0.000000
169 644.738440 12.656811 -1.132194 12.656811 -1.132194 -0.013473 -0.003254 -0.000000 0.000000
170 648.576169 24.002218 -1.824088 24.002218 -1.824088 -0.025959 -0.003254 -0.000000 0.000000
171 652.413897 40.658227 -2.515982 40.658227 -2.515982 -0.038446 -0.003254 -0.000000 0.000000
172 656.251626 62.624978 -3.208028 62.624687 -3.207697 -0.050841 -0.002832 -0.000000 0.000000
173 660.089355 89.902469 -3.899656 89.900273 -3.899523 -0.054539 0.000905 0.000000 0.000000
174 663.927084 122.571863 -5.351405 122.402315 -3.831964 -0.046077 0.002302 0.000000 0.000000
175 667.764813 237.863411 -10.228064 98.313812 0.278903 -0.047251 0.001070 0.000000 0.000000
176 671.602541 151.160303 18.948703 185.632227 -20.258788 -0.026945 0.007273 0.000000 0.000000
177 675.440270 81.286339 3.258231 238.376052 4.502478 -0.003313 0.005450 0.000000 0.000000
178 679.277999 58.382622 2.709808 205.131789 4.160005 0.017601 0.005450 0.000000 0.000000
179 683.115728 39.688307 2.161385 174.516163 3.817532 0.038516 0.005450 0.000000 0.000000
180 686.953457 25.203392 1.612961 146.529174 3.475059 0.059430 0.005450 0.000000 0.000000
181 690.791186 14.927878 1.064538 121.170822 3.132586 0.080344 0.005450 0.000000 0.000000
182 694.628914 8.861765 0.516114 98.441107 2.790113 0.101258 0.005450 0.000000 0.000000
183 698.466643 7.005052 -0.032309 78.340029 2.447640 0.122172 0.005450 0.000000 0.000000
184 702.304372 9.357741 -0.580733 60.867588 2.105167 0.143087 0.005450 0.000000 0.000000
185 706.142101 15.919831 -1.129156 46.023784 1.762694 0.164001 0.005450 0.000000 0.000000
186 709.979830 26.691321 -1.677580 33.808616 1.420221 0.184915 0.005450 0.000000 0.000000
187 713.817558 38.435077 1.300894 26.298667 -1.197183 0.197559 -0.012463 0.000000 0.000000
188 717.655287 16.059356 2.375503 53.353019 -4.455631 0.104563 -0.025502 0.000000 0.000000
189 721.493016 4.421605 0.410867 84.384639 2.065416 0.008212 -0.023485 0.000000 -0.000000
190 725.330745 5.593641 -0.637270 59.107234 3.010294 -0.078927 -0.018761 0.000000 -0.000000
191 729.168474 14.184771 -1.601141 38.509036 2.356995 -0.120554 -0.002932 0.000000 -0.000000
192 733.006202 30.168526 -2.563459 22.925211 1.703695 -0.101446 0.012503 0.000000 -0.000000
193 736.843931 42.657701 1.889898 15.923977 -0.633608 -0.045384 0.019967 0.000000 0.000000
194 740.681660 29.730317 1.478601 22.083424 -0.971364 0.031243 0.019967 0.000000 0.000000
195 744.519389 19.959829 1.067303 30.835304 -1.309120 0.107871 0.019967 0.000000 0.000000
196 748.357118 13.343682 0.656655 42.179616 -1.646876 0.205483 0.032120 0.000000 0.000000
197 752.194846 12.571016 -0.659178 44.073041 2.022057 0.363063 0.055242 0.000000 -0.000000
198 756.032575 19.311179 -1.097112 30.253356 1.578949 0.575066 0.055242 0.000000 -0.000000
199 759.870304 29.412688 -1.535046 19.834726 1.135841 0.787069 0.055242 0.000000 -0.000000
200 763.708033 42.875543 -1.972981 12.817151 0.692734 0.999072 0.055242 0.000000 -0.000000
201 767.545762 41.196704 1.941248 13.316959 -0.717078 1.008559 -0.040099 0.000000 -0.000000
202 771.383490 27.995821 1.498570 20.495521 -1.153446 0.876610 -0.026674 0.000000 -0.000000
203 775.221219 18.195895 1.054791 31.023405 -1.589813 0.804500 -0.010905 0.000000 -0.000000
204 779.058948 11.806995 0.609656 44.900612 -2.026181 0.788267 -0.001312 0.000000 -0.000000
205 782.896677 13.923397 -0.798527 38.875212 1.920030 0.972801 0.070418 -0.000000 -0.000000
206 786.734406 21.784754 -1.249913 25.913624 1.457381 1.243045 0.070418 -0.000000 -0.000000
207 790.572135 33.110006 -1.700659 16.503079 0.994732 1.515954 0.075091 -0.000000 -0.000000
208 794.409863 47.887243 -2.150362 10.643575 0.532083 1.825867 0.082501 -0.000000 -0.000000
209 798.247592 37.774744 1.854073 14.100004 -0.836537 1.617999 -0.080504 -0.000000 -0.000000
210 802.085321 25.266852 1.404847 22.296332 -1.299186 1.339219 -0.064777 -0.000000 -0.000000
211 805.923050 16.212662 0.954214 34.043702 -1.761835 1.120827 -0.049034 -0.000000 -0.000000
212 809.760779 10.780293 0.130918 48.634923 -0.532363 0.956445 -0.010513 -0.000000 -0.000000
213 813.598507 15.710483 -0.922757 34.995080 1.794089 1.107855 0.047936 -0.000000 0.000000
214 817.436236 24.523520 -1.373471 23.000149 1.331440 1.322035 0.063680 -0.000000 0.000000
215 821.273965 36.791004 -1.822810 14.556260 0.868791 1.596607 0.079408 -0.000000 0.000000
216 825.111694 48.937733 1.526716 10.390710 -0.360960 1.845894 -0.057884 -0.000000 0.000000
217 828.949423 34.028410 1.731950 15.979432 -0.962479 1.536132 -0.076225 -0.000000 0.000000
218 832.787151 22.459581 1.282297 25.142417 -1.425128 1.273784 -0.060493 -0.000000 0.000000
219 836.624880 14.347266 0.831359 37.856444 -1.887776 1.071841 -0.044746 -0.000000 0.000000
220 840.462609 11.474246 -0.593785 45.957405 2.130796 0.983454 0.043790 -0.000000 0.000000
221 844.300338 17.766793 -1.045560 31.378089 1.668147 1.160173 0.052223 -0.000000 0.000000
222 848.138067 27.521211 -1.495944 20.349815 1.205499 1.390799 0.067963 0.000000 0.000000
223 851.975795 40.727132 -1.945031 12.872582 0.742850 1.681628 0.082501 0.000000 0.000000
224 855.813524 44.615864 2.059090 11.543402 -0.625771 1.761752 -0.082501 0.000000 0.000000
225 859.651253 30.537374 1.609700 18.122002 -1.088420 1.458737 -0.071944 0.000000 0.000000
226 863.488982 19.908467 1.159652 28.251643 -1.551069 1.212826 -0.056208 0.000000 0.000000
227 867.326711 12.738775 0.708267 41.932326 -2.013718 1.025982 -0.043790 0.000000 0.000000
228 871.164440 12.843550 -0.716933 41.636899 2.004855 1.029201 0.043790 0.000000 -0.000000
229 875.002168 20.079606 -1.168285 28.024239 1.542206 1.216969 0.056509 0.000000 -0.000000
230 878.839897 30.774682 -1.618306 17.962622 1.079557 1.464037 0.072245 0.000000 -0.000000
231 882.677626 44.919249 -2.067724 11.452046 0.616908 1.767817 0.082501 0.000000 -0.000000
232 886.515355 40.441787 1.936397 12.982456 -0.751712 1.675563 -0.082501 0.000000 -0.000000
233 890.353084 27.301894 1.487329 20.527712 -1.214361 1.385814 -0.067662 0.000000 -0.000000
234 894.190812 17.613698 1.036921 31.624010 -1.677010 1.156345 -0.051921 0.000000 -0.000000
235 898.028541 11.387578 0.585119 46.271350 -2.139659 0.980235 -0.043790 0.000000 -0.000000
236 901.866270 14.470137 -0.840007 37.579534 1.878914 1.075142 0.045048 0.000000 -0.000000
237 905.703999 22.648753 -1.290924 24.933531 1.416265 1.278243 0.060794 0.000000 -0.000000
238 909.541728 34.283693 -1.740549 15.838570 0.953616 1.541747 0.076526 0.000000 -0.000000
239 913.379456 49.141255 -1.241318 10.342724 0.291862 1.849748 0.046965 -0.000000 -0.000000
240 917.217185 36.523626 1.814218 14.684651 -0.877653 1.590781 -0.079107 -0.000000 -0.000000
241 921.054914 24.322211 1.364849 23.196563 -1.340302 1.317365 -0.063379 -0.000000 -0.000000
242 924.892643 15.575445 0.914113 35.259518 -1.802951 1.104342 -0.047634 -0.000000 -0.000000
243 928.730372 10.804849 -0.203143 48.535210 0.823791 0.957430 0.016296 -0.000000 0.000000
244 932.568100 16.353596 -0.962857 33.785310 1.752973 1.124443 0.049336 -0.000000 0.000000
245 936.405829 25.474041 -1.413467 22.105963 1.290324 1.343992 0.065078 -0.000000 0.000000
246 940.243558 38.047982 -1.862661 13.977659 0.827675 1.623929 0.080805 -0.000000 0.000000
247 944.081287 47.571708 2.141728 10.722459 -0.540946 1.819802 -0.082501 -0.000000 -0.000000
248 947.919016 32.860610 1.692053 16.649987 -1.003595 1.510373 -0.074827 -0.000000 -0.000000
249 951.756744 21.598546 1.242267 26.128556 -1.466244 1.253391 -0.059094 -0.000000 -0.000000
250 955.594473 13.793862 0.791212 39.158167 -1.928892 1.056794 -0.043790 -0.000000 -0.000000
251 959.432202 11.892993 -0.633989 44.517958 2.089680 0.998389 0.043790 -0.000000 0.000000
252 963.269931 18.493664 -1.085635 30.254227 1.627031 1.178223 0.053622 -0.000000 0.000000
253 967.107660 28.555262 -1.535905 19.541537 1.164383 1.414217 0.069361 -0.000000 0.000000
254 970.945389 42.067548 -1.985087 12.379889 0.701734 1.709766 0.082501 -0.000000 0.000000
255 974.783117 43.224968 2.019035 11.984280 -0.666887 1.733614 -0.082501 0.000000 0.000000
256 978.620846 29.452977 1.569762 18.878463 -1.129536 1.434438 -0.070546 0.000000 0.000000
257 982.458575 19.131101 1.119593 29.323689 -1.592185 1.193894 -0.054808 0.000000 0.000000
258 986.296304 12.269361 0.668063 43.319957 -2.054834 1.011047 -0.043790 0.000000 0.000000
259 990.134033 13.346300 -0.757138 40.283360 1.963739 1.044137 0.043790 0.000000 -0.000000
260 993.971761 20.890183 -1.208333 26.986285 1.501090 1.236481 0.057908 0.000000 -0.000000
261 997.809490 31.892187 -1.658228 17.240251 1.038441 1.488915 0.073643 0.000000 -0.000000
262 1001.647219 46.343358 -2.107780 11.045260 0.575792 1.795955 0.082501 0.000000 -0.000000
263 1005.484948 39.134572 1.896425 13.509241 -0.792828 1.647457 -0.081989 0.000000 0.000000
264 1009.322677 26.300982 1.447355 21.370081 -1.255477 1.362975 -0.066264 0.000000 0.000000
265 1013.160405 16.920059 0.996836 32.781964 -1.718126 1.138875 -0.050522 0.000000 0.000000
266 1016.998134 11.005284 0.491855 47.731411 -1.950603 0.965436 -0.039129 0.000000 0.000000
267 1020.835863 15.056809 -0.880121 36.311902 1.837798 1.090744 0.046448 0.000000 -0.000000
268 1024.673592 23.542974 -1.330941 23.981484 1.375149 1.299216 0.062193 0.000000 -0.000000
269 1028.511321 35.484567 -1.780429 15.202107 0.912500 1.568085 0.077923 0.000000 -0.000000
270 1032.349049 49.530710 0.102993 10.251637 -0.023961 1.857101 -0.003881 -0.000000 -0.000000
271 1036.186778 35.299699 1.774349 15.297343 -0.918769 1.564039 -0.077710 -0.000000 -0.000000
272 1040.024507 23.404858 1.324840 24.124841 -1.381418 1.295987 -0.061980 -0.000000 -0.000000
273 1043.862236 14.965585 0.874004 36.503380 -1.844067 1.088334 -0.046234 -0.000000 -0.000000
274 1047.699965 11.059202 -0.545000 47.518217 2.148535 0.967578 0.043261 -0.000000 0.000000
275 1051.537693 17.024059 -1.002948 32.603586 1.711857 1.141508 0.050735 -0.000000 0.000000
276 1055.375422 26.451840 -1.453451 21.239824 1.249208 1.366427 0.066477 -0.000000 0.000000
277 1059.213151 39.332138 -1.902498 13.427104 0.786559 1.651727 0.082202 -0.000000 0.000000
278 1063.050880 46.124443 2.101672 11.105475 -0.582062 1.791664 -0.082501 -0.000000 -0.000000
279 1066.888609 31.720029 1.652142 17.348587 -1.044711 1.485091 -0.073430 -0.000000 -0.000000
280 1070.726338 20.764820 1.202227 27.142741 -1.507360 1.233475 -0.057695 -0.000000 -0.000000
281 1074.564066 13.267868 0.751007 40.487937 -1.970009 1.041859 -0.043790 -0.000000 -0.000000
282 1078.401795 12.339165 -0.674193 43.106558 2.048564 1.013324 0.043790 -0.000000 0.000000
283 1082.239524 19.247869 -1.125702 29.158410 1.585915 1.196750 0.055022 -0.000000 0.000000
284 1086.077253 29.616567 -1.575853 18.761305 1.123266 1.438112 0.070759 -0.000000 0.000000
285 1089.914982 43.435288 -2.025142 11.915242 0.660618 1.737904 0.082501 -0.000000 0.000000
286 1093.752710 41.861395 1.978979 12.453203 -0.708003 1.705476 -0.082501 0.000000 0.000000
287 1097.590439 28.395828 1.529812 19.662972 -1.170652 1.410615 -0.069148 0.000000 0.000000
288 1101.428168 18.381064 1.079525 30.423782 -1.633301 1.175440 -0.053409 0.000000 0.000000
289 1105.265897 11.827370 0.627859 44.735634 -2.095950 0.996112 -0.043790 0.000000 0.000000
290 1109.103626 13.876475 -0.797342 38.957867 1.922623 1.059072 0.043790 0.000000 -0.000000
291 1112.941354 21.728073 -1.248371 25.976376 1.459974 1.256470 0.059307 0.000000 -0.000000
292 1116.779083 33.036919 -1.698137 16.545927 0.997325 1.514270 0.075040 0.000000 -0.000000
293 1120.616812 47.794789 -2.147836 10.666521 0.534676 1.824093 0.082501 0.000000 -0.000000
294 1124.454541 37.854554 1.856592 14.064072 -0.833944 1.619750 -0.080554 0.000000 0.000000
295 1128.292270 25.328141 1.406787 22.240497 -1.296593 1.336965 -0.070418 0.000000 0.000000
296 1132.129998 16.262706 0.955400 33.967964 -1.759242 1.066721 -0.070418 0.000000 0.000000
297 1135.967727 10.804754 0.160123 48.608658 -0.660404 0.801855 -0.044420 0.000000 -0.000000
298 1139.805456 15.267419 -0.850862 36.510491 1.626049 0.783239 0.002617 0.000000 -0.000000
299 1143.643185 23.456199 -1.282717 25.499810 1.243013 0.823546 0.018388 0.000000 -0.000000
300 1147.480914 34.955006 -1.713287 17.429102 0.859978 0.924369 0.034154 0.000000 -0.000000
301 1151.318643 46.604779 1.250624 13.156192 -0.438544 1.031762 -0.036649 -0.000000 -0.000000
302 1155.156371 33.736177 1.505145 19.391692 -1.017946 0.839366 -0.050448 -0.000000 -0.000000
303 1158.994100 23.609099 1.133676 28.751418 -1.420925 0.645759 -0.050448 -0.000000 -0.000000
304 1162.831829 16.333218 0.762206 41.204190 -1.823904 0.452151 -0.050448 -0.000000 -0.000000
305 1166.669558 14.086388 -0.692968 48.095348 2.059768 0.285027 -0.024421 -0.000000 0.000000
306 1170.507287 20.951212 -1.095443 33.891136 1.641435 0.201749 -0.015145 -0.000000 0.000000
307 1174.345015 30.903656 -1.498075 22.897815 1.223103 0.153652 -0.012272 -0.000000 0.000000
308 1178.182744 43.948212 -1.900955 15.115387 0.804771 0.106557 -0.012272 -0.000000 0.000000
309 1182.020473 42.265411 3.520955 14.939835 -1.136274 0.045778 -0.021170 -0.000000 -0.000000
310 1185.858202 19.906616 2.305277 25.919915 -1.724814 -0.023512 -0.011241 -0.000000 -0.000000
311 1189.695931 6.881857 1.088312 41.417308 -2.313354 -0.036287 0.004584 -0.000000 -0.000000
312 1193.533659 3.202927 -0.129814 61.432016 -2.901894 0.007715 0.014698 -0.000000 -0.000000
313 1197.371388 11.960929 -2.341930 54.003742 4.098932 0.071815 0.018635 -0.000000 0.000000
314 1201.209117 37.921216 -4.422562 27.397407 2.833902 0.143329 0.018635 -0.000000 0.000000
315 1205.046846 39.657733 2.277811 25.276165 -1.176402 0.152434 -0.007204 -0.000000 -0.000000
316 1208.884575 24.472759 1.678949 35.694672 -1.538357 0.124787 -0.007204 -0.000000 -0.000000
317 1212.722303 13.884321 1.080088 48.891352 -1.900312 0.097140 -0.007204 -0.000000 -0.000000
318 1216.560032 7.892420 0.481227 64.866204 -2.262267 0.069492 -0.007204 -0.000000 -0.000000
319 1220.397761 6.497054 -0.117635 83.619228 -2.624223 0.041845 -0.007204 -0.000000 -0.000000
320 1224.235490 9.698224 -0.716496 105.150425 -2.986178 0.014198 -0.007204 -0.000000 -0.000000
321 1228.073219 17.495930 -1.315358 129.459795 -3.348133 -0.013449 -0.007204 -0.000000 -0.000000
322 1231.910947 29.890171 -1.914219 156.547337 -3.710089 -0.041097 -0.007204 -0.000000 -0.000000
323 1235.748676 46.880949 -2.513081 186.413051 -4.072044 -0.068744 -0.007204 -0.000000 -0.000000
324 1239.586405 68.468263 -3.111942 219.056938 -4.433999 -0.096391 -0.007204 -0.000000 -0.000000
325 1243.424134 104.212243 -11.263126 229.963613 13.046856 -0.130044 -0.016287 -0.000000 0.000000
326 1247.261863 235.752076 -7.893899 104.289421 7.327566 -0.203929 -0.008292 -0.000000 0.000000
327 1251.099592 147.595070 16.483367 117.041401 -5.418294 -0.166488 0.016765 -0.000000 -0.000000
328 1254.937320 98.218300 4.028899 98.216096 4.028714 -0.143074 0.003675 -0.000000 0.000000
329 1258.775049 69.878654 3.355584 69.877704 3.355443 -0.128972 0.003675 -0.000000 0.000000
330 1262.612778 46.707165 2.682252 46.706754 2.682222 -0.116036 0.002479 -0.000000 0.000000
331 1266.450507 28.703432 2.008987 28.703405 2.008924 -0.111030 0.000129 -0.000000 0.000000
332 1270.288236 15.867758 1.335642 15.867758 1.335642 -0.111017 0.000000 -0.000000 0.000000
333 1274.125964 8.200098 0.662326 8.200098 0.662326 -0.111017 0.000000 0.000000 0.000000
334 1277.963693 5.700440 -0.010989 5.700440 -0.010989 -0.111017 0.000000 0.000000 0.000000
335 1281.801422 8.368783 -0.684304 8.368783 -0.684304 -0.111017 0.000000 0.000000 0.000000
336 1285.639151 16.205127 -1.357619 16.205127 -1.357619 -0.111017 0.000000 0.000000 0.000000
337 1289.476880 29.209494 -2.030963 29.209452 -2.030901 -0.111051 -0.000206 0.000000 0.000000
338 1293.314608 47.381899 -2.704226 47.381481 -2.704199 -0.116352 -0.002556 0.000000 0.000000
339 1297.152337 70.722077 -3.377562 70.721092 -3.377418 -0.129433 -0.003675 0.000000 0.000000
340 1300.990066 99.230409 -4.050877 99.228158 -4.050690 -0.143534 -0.003675 0.000000 0.000000
341 1304.827795 151.753620 -16.714809 115.688033 5.385803 -0.168588 -0.016765 0.000000 -0.000000
342 1308.665524 233.569639 9.523560 106.227541 -8.149264 -0.202800 0.009740 0.000000 0.000000
343 1312.503252 101.498852 10.404473 233.041922 -11.520504 -0.128060 0.015390 0.000000 0.000000
344 1316.340981 67.691080 3.092395 217.947573 4.422185 -0.095489 0.007204 0.000000 -0.000000
345 1320.178710 46.253799 2.493534 185.394366 4.060230 -0.067841 0.007204 0.000000 -0.000000
346 1324.016439 29.413053 1.894672 155.619332 3.698274 -0.040194 0.007204 0.000000 -0.000000
347 1327.854168 17.168843 1.295811 128.622471 3.336319 -0.012547 0.007204 0.000000 -0.000000
348 1331.691897 9.521169 0.696949 104.403782 2.974364 0.015100 0.007204 0.000000 -0.000000
349 1335.529625 6.470031 0.098088 82.963265 2.612408 0.042747 0.007204 0.000000 -0.000000
350 1339.367354 8.015429 -0.500774 64.300921 2.250453 0.070395 0.007204 0.000000 -0.000000
351 1343.205083 14.157363 -1.099635 48.416749 1.888498 0.098042 0.007204 0.000000 -0.000000
352 1347.042812 24.895833 -1.698496 35.310750 1.526543 0.125689 0.007204 0.000000 -0.000000
353 1350.880541 40.230839 -2.297358 24.982923 1.164587 0.153336 0.007204 0.000000 -0.000000
354 1354.718269 36.821744 4.354649 28.112554 -2.875193 0.140995 -0.018635 0.000000 0.000000
355 1358.555998 11.382715 2.274018 55.035815 -4.140222 0.069481 -0.018635 0.000000 0.000000
356 1362.393727 3.175386 0.090046 60.707414 2.882684 0.005874 -0.014698 0.000000 -0.000000
357 1366.231456 7.159489 -1.128057 40.840153 2.294144 -0.036829 -0.004067 0.000000 -0.000000
358 1370.069185 20.489126 -2.344967 25.490206 1.705604 -0.022072 0.011758 0.000000 -0.000000
359 1373.906913 43.152485 -3.560661 14.657572 1.117064 0.048430 0.021170 -0.000000 -0.000000
360 1377.744642 43.473615 1.887805 15.318716 -0.818425 0.108094 0.012272 -0.000000 -0.000000
361 1381.582371 30.529992 1.484925 23.205948 -1.236757 0.155189 0.012272 -0.000000 -0.000000
362 1385.420100 20.678414 1.082334 34.304073 -1.655090 0.203679 0.015661 -0.000000 -0.000000
363 1389.257829 13.914428 0.679805 48.613090 -2.073422 0.288086 0.024421 -0.000000 -0.000000
364 1393.095557 16.525691 -0.774331 40.748897 1.810750 0.458471 0.050448 -0.000000 0.000000
365 1396.933286 23.894636 -1.145801 28.397083 1.407772 0.652078 0.050448 -0.000000 0.000000
366 1400.771015 34.114778 -1.517270 19.138315 1.004793 0.845686 0.050448 -0.000000 0.000000
367 1404.608744 46.862929 -0.809393 13.063418 0.302377 1.035734 0.026767 -0.000000 -0.000000
368 1408.446473 34.527536 1.699257 17.646117 -0.872480 0.920123 -0.033640 -0.000000 -0.000000
369 1412.284201 23.136605 1.268639 25.812787 -1.255515 0.821275 -0.017873 -0.000000 -0.000000
370 1416.121930 15.056021 0.836750 36.919429 -1.638551 0.782944 -0.002102 -0.000000 -0.000000
371 1419.959659 10.859568 -0.277640 48.384579 1.127718 0.807909 0.052251 -0.000000 0.000000
372 1423.797388 16.503907 -0.970134 33.529115 1.744141 1.075542 0.070418 -0.000000 0.000000
373 1427.635117 25.682427 -1.421520 21.917555 1.281492 1.345786 0.070418 -0.000000 0.000000
374 1431.472846 38.321517 -1.871225 13.857037 0.818843 1.629873 0.081067 -0.000000 0.000000
375 1435.310574 47.258537 2.133124 10.802364 -0.549777 1.813758 -0.082501 -0.000000 0.000000
376 1439.148303 32.613322 1.683481 16.797678 -1.012426 1.504903 -0.074527 -0.000000 0.000000
377 1442.986032 21.417162 1.233667 26.344033 -1.475075 1.249073 -0.058794 0.000000 0.000000
378 1446.823761 13.678568 0.782576 39.441431 -1.937724 1.053586 -0.043790 0.000000 0.000000
379 1450.661490 11.986517 -0.642625 44.212430 2.080849 1.001597 0.043790 0.000000 -0.000000
380 1454.499218 18.653359 -1.094242 30.016485 1.618200 1.182162 0.053923 0.000000 -0.000000
381 1458.336947 28.780928 -1.544486 19.371581 1.155551 1.419309 0.069662 0.000000 -0.000000
382 1462.174676 42.359029 -1.993691 12.277720 0.692902 1.715810 0.082501 0.000000 -0.000000
383 1466.012405 42.929774 2.010431 12.082637 -0.675719 1.727570 -0.082501 0.000000 0.000000
384 1469.850134 29.223608 1.561182 19.044607 -1.138367 1.429280 -0.070246 0.000000 0.000000
385 1473.687862 18.967692 1.110987 29.557619 -1.601016 1.189890 -0.054508 0.000000 0.000000
386 1477.525591 12.172110 0.659427 43.621674 -2.063665 1.007839 -0.043790 0.000000 0.000000
387 1481.363320 13.457867 -0.765773 39.996284 1.954908 1.047345 0.043790 0.000000 -0.000000
388 1485.201049 21.067855 -1.216934 26.766995 1.492259 1.240734 0.058209 0.000000 -0.000000
389 1489.038778 32.135775 -1.666802 17.088748 1.029610 1.494321 0.073943 0.000000 -0.000000
390 1492.876506 46.652815 -2.116384 10.961544 0.566961 1.801999 0.082501 0.000000 -0.000000
391 1496.714235 38.857340 1.887869 13.626051 -0.801660 1.641462 -0.081689 -0.000000 -0.000000
392 1500.551964 26.089548 1.438767 21.554678 -1.264309 1.358132 -0.065963 -0.000000 -0.000000
393 1504.389693 16.774636 0.988224 33.034347 -1.726958 1.135185 -0.050221 -0.000000 -0.000000
394 1508.227422 10.938659 0.417721 47.996609 -1.668879 0.962782 -0.033323 -0.000000 -0.000000
395 1512.065150 15.186393 -0.888736 36.043279 1.828966 1.094158 0.046748 -0.000000 0.000000
396 1515.902879 23.738610 -1.339536 23.780647 1.366317 1.303783 0.062494 -0.000000 0.000000
397 1519.740608 35.746059 -1.788994 15.069057 0.903669 1.573805 0.078223 -0.000000 0.000000
398 1523.578337 49.494372 0.392965 10.260095 -0.091514 1.856416 -0.014814 -0.000000 0.000000
399 1527.416066 35.040353 1.765784 15.432606 -0.927601 1.558357 -0.077410 -0.000000 -0.000000
400 1531.253795 23.211375 1.316245 24.327890 -1.390250 1.291458 -0.061679 -0.000000 -0.000000
401 1535.091523 14.838159 0.865388 36.774215 -1.852899 1.084958 -0.045934 -0.000000 -0.000000
402 1538.929252 11.140532 -0.559680 47.200433 2.165674 0.970785 0.043790 -0.000000 0.000000
403 1542.766981 17.171640 -1.011559 32.353416 1.703025 1.145236 0.051036 -0.000000 0.000000
404 1546.604710 26.665426 -1.462038 21.057440 1.240376 1.371308 0.066777 0.000000 0.000000
405 1550.442439 39.611514 -1.911053 13.312506 0.777727 1.657760 0.082501 0.000000 0.000000
406 1554.280167 45.817141 2.093068 11.191405 -0.590893 1.785620 -0.082501 0.000000 0.000000
407 1558.117896 31.478589 1.643568 17.502303 -1.053542 1.479722 -0.073130 0.000000 0.000000
408 1561.955625 20.589303 1.193626 27.364243 -1.516191 1.229259 -0.057395 0.000000 0.000000
409 1565.793354 13.158465 0.742371 40.777225 -1.978840 1.038651 -0.043790 0.000000 0.000000
410 1569.631083 12.438579 -0.682829 42.807054 2.039733 1.016532 0.043790 0.000000 -0.000000
411 1573.468811 19.413435 -1.134307 28.926693 1.577084 1.200792 0.055322 0.000000 -0.000000
412 1577.306540 29.848086 -1.584432 18.597374 1.114435 1.443307 0.071059 0.000000 -0.000000
413 1581.144269 43.732637 -2.033746 11.819097 0.651786 1.743948 0.082501 0.000000 -0.000000
414 1584.981998 41.572070 1.970375 12.557585 -0.716835 1.699432 -0.082501 0.000000 -0.000000
415 1588.819727 28.172312 1.521229 19.835140 -1.179484 1.405561 -0.068848 0.000000 -0.000000
416 1592.657455 18.223525 1.070917 30.663736 -1.642132 1.171538 -0.053109 0.000000 -0.000000
417 1596.495184 11.736011 0.619223 45.043375 -2.104781 0.992904 -0.043790 -0.000000 -0.000000
418 1600.332913 13.993932 -0.805974 38.676816 1.913791 1.062280 0.043860 -0.000000 -0.000000
419 1604.170642 21.911612 -1.256970 25.763111 1.451143 1.260826 0.059608 -0.000000 -0.000000
420 1608.008371 33.286354 -1.706708 16.400449 0.988494 1.519779 0.075340 -0.000000 -0.000000
421 1611.846100 48.110115 -2.156439 10.588828 0.525845 1.830137 0.082501 -0.000000 -0.000000
422 1615.683828 37.583164 1.848027 14.186907 -0.842776 1.613839 -0.080292 -0.000000 -0.000000
423 1619.521557 25.121767 1.398779 22.431118 -1.305425 1.335873 -0.064565 -0.000000 -0.000000
424 1623.359286 16.114218 0.948130 34.226371 -1.768074 1.118295 -0.048822 -0.000000 -0.000000
425 1627.197015 10.769368 0.080225 48.679378 -0.326624 0.956006 -0.006445 -0.000000 -0.000000
426 1631.034744 15.806302 -0.928842 34.809718 1.787850 1.110341 0.048148 -0.000000 0.000000
427 1634.872472 24.665986 -1.379540 22.862671 1.325201 1.325336 0.063892 -0.000000 0.000000
428 1638.710201 36.979974 -1.828857 14.466665 0.862552 1.600722 0.079620 -0.000000 0.000000
429 1642.547930 48.769393 1.726051 10.430601 -0.409969 1.842700 -0.065555 -0.000000 0.000000
430 1646.385659 33.849470 1.725898 16.079370 -0.968717 1.532193 -0.076013 -0.000000 0.000000
431 1650.223388 22.327180 1.276224 25.290238 -1.431366 1.270660 -0.060281 -0.000000 0.000000
432 1654.061116 14.261537 0.825272 38.052147 -1.894015 1.069531 -0.044534 -0.000000 0.000000
433 1657.898845 11.536017 -0.599885 45.737195 2.124558 0.985720 0.043790 0.000000 0.000000
434 1661.736574 17.875321 -1.051641 31.205762 1.661909 1.162881 0.052435 0.000000 0.000000
435 1665.574303 27.676352 -1.502008 20.225371 1.199260 1.394321 0.068175 0.000000 0.000000
436 1669.412032 40.928753 -1.951109 12.796022 0.736611 1.685898 0.082501 0.000000 0.000000
437 1673.249760 44.403067 2.053013 11.608491 -0.632009 1.757482 -0.082501 0.000000 0.000000
438 1677.087489 30.371087 1.603641 18.234974 -1.094658 1.455019 -0.071732 0.000000 0.000000
439 1680.925218 19.788760 1.153574 28.412498 -1.557307 1.209923 -0.055995 0.000000 0.000000
440 1684.762947 12.665787 0.702167 42.141065 -2.019956 1.023716 -0.043790 0.000000 0.000000
441 1688.600676 12.918067 -0.723033 41.429724 1.998617 1.031467 0.043790 0.000000 -0.000000
442 1692.438404 20.200836 -1.174362 27.864947 1.535968 1.219899 0.056722 0.000000 -0.000000
443 1696.276133 30.942487 -1.624365 17.851213 1.073319 1.467781 0.072457 0.000000 -0.000000
444 1700.113862 45.133569 -2.073802 11.388520 0.610670 1.772086 0.082501 0.000000 -0.000000
445 1703.951591 40.241688 1.930320 13.060579 -0.757951 1.671294 -0.082501 0.000000 -0.000000
446 1707.789320 27.148273 1.481265 20.653719 -1.220600 1.382318 -0.067450 0.000000 -0.000000
447 1711.627049 17.506694 1.030839 31.797900 -1.683248 1.153663 -0.051709 0.000000 -0.000000
448 1715.464777 11.327335 0.579018 46.493123 -2.145897 0.977968 -0.043790 0.000000 -0.000000
449 1719.302506 14.557391 -0.846093 37.385393 1.872675 1.077478 0.045260 0.000000 -0.000000
450 1723.140235 22.782675 -1.296996 24.787273 1.410027 1.281394 0.061007 -0.000000 -0.000000
451 1726.977964 34.464149 -1.746600 15.740195 0.947378 1.545713 0.076738 -0.000000 -0.000000
452 1730.815693 49.259273 -1.039098 10.315020 0.243533 1.851979 0.039267 -0.000000 -0.000000
453 1734.653421 36.336171 1.808170 14.775809 -0.883892 1.586693 -0.078895 -0.000000 -0.000000
454 1738.491150 24.181266 1.358779 23.335605 -1.346541 1.314090 -0.063166 -0.000000 -0.000000
455 1742.328879 15.481151 0.908028 35.446442 -1.809190 1.101882 -0.047422 -0.000000 -0.000000
456 1746.166608 10.828513 -0.254193 48.439370 1.028085 0.958379 0.020371 -0.000000 0.000000
457 1750.004337 16.453565 -0.968940 33.604204 1.746734 1.127001 0.049548 -0.000000 0.000000
458 1753.842065 25.620646 -1.419534 21.972740 1.284085 1.347366 0.065291 -0.000000 0.000000
459 1757.679794 38.241076 -1.868707 13.892319 0.821436 1.628116 0.081017 -0.000000 0.000000
460 1761.517523 47.350358 2.135650 10.778769 -0.547184 1.815533 -0.082501 -0.000000 0.000000
461 1765.355252 32.685777 1.686003 16.754179 -1.009833 1.506580 -0.074577 -0.000000 0.000000
462 1769.192981 21.473460 1.235180 26.280632 -1.472482 1.234224 -0.070418 -0.000000 0.000000
463 1773.030709 13.725189 0.783793 39.358126 -1.935131 0.963980 -0.070418 -0.000000 0.000000
464 1776.868438 11.961554 -0.624208 44.394779 2.011938 0.788432 0.001312 -0.000000 0.000000
465 1780.706167 18.461968 -1.069295 30.626895 1.575570 0.805898 0.011420 -0.000000 0.000000
466 1784.543896 28.373068 -1.513033 20.208333 1.139203 0.879983 0.027188 0.000000 0.000000
467 1788.381625 41.684859 -1.955747 13.139094 0.702835 1.013582 0.040099 0.000000 0.000000
468 1792.219354 42.383045 1.958686 12.992512 -0.707197 0.992152 -0.055242 0.000000 0.000000
469 1796.057082 29.029905 1.520752 20.121099 -1.150305 0.780149 -0.055242 0.000000 0.000000
470 1799.894811 19.038111 1.082818 30.650740 -1.593412 0.568146 -0.055242 0.000000 0.000000
471 1803.732540 12.407664 0.644883 44.581436 -2.036520 0.356143 -0.055242 0.000000 0.000000
472 1807.570269 13.509876 -0.670090 41.768407 1.635852 0.201460 -0.032120 0.000000 -0.000000
473 1811.407998 20.228901 -1.080728 30.508712 1.298096 0.105370 -0.019967 0.000000 -0.000000
474 1815.245726 30.102431 -1.492025 21.841450 0.960340 0.028742 -0.019967 0.000000 -0.000000
475 1819.083455 43.132856 -1.903323 15.766620 0.622584 -0.047885 -0.019967 0.000000 -0.000000
476 1822.921184 29.530243 2.532036 23.354707 -1.725019 -0.103010 -0.012382 0.000000 0.000000
477 1826.758913 13.787577 1.569700 39.102202 -2.378318 -0.120154 0.003448 0.000000 0.000000
478 1830.596642 5.437929 0.605793 59.864070 -3.031618 -0.076545 0.019278 0.000000 0.000000
479 1834.434370 4.535016 -0.494932 84.783779 -1.119469 0.011160 0.023594 0.000000 0.000000
480 1838.272099 16.660979 -2.427320 52.242888 4.406672 0.107757 0.025502 0.000000 -0.000000
481 1842.109828 38.707477 -0.872682 26.037100 0.891927 0.198980 0.010226 0.000000 -0.000000
482 1845.947557 26.273282 1.659679 34.165823 -1.431400 0.184232 -0.005450 0.000000 0.000000
483 1849.785286 15.639187 1.111255 46.466790 -1.773873 0.163318 -0.005450 0.000000 0.000000
484 1853.623014 9.214493 0.562832 61.396393 -2.116346 0.142404 -0.005450 0.000000 0.000000
485 1857.460743 6.999200 0.014409 78.954634 -2.458819 0.121490 -0.005450 0.000000 0.000000
486 1861.298472 8.993308 -0.534015 99.141511 -2.801292 0.100576 -0.005450 0.000000 0.000000
487 1865.136201 15.196817 -1.082438 121.957026 -3.143765 0.079661 -0.005450 0.000000 0.000000
488 1868.973930 25.609727 -1.630862 147.401177 -3.486238 0.058747 -0.005450 0.000000 0.000000
489 1872.811658 40.232038 -2.179285 175.473965 -3.828711 0.037833 -0.005450 0.000000 0.000000
490 1876.649387 59.063750 -2.727709 206.175390 -4.171184 0.016919 -0.005450 0.000000 0.000000
491 1880.487116 82.104862 -3.276132 239.505453 -4.513657 -0.003995 -0.005450 0.000000 0.000000
492 1884.324845 155.944874 -19.247074 180.591593 19.981163 -0.027856 -0.007273 0.000000 -0.000000
493 1888.162574 235.099712 11.828373 98.470641 -0.973454 -0.047364 -0.000737 0.000000 -0.000000
494 1892.000303 121.342041 4.569074 121.337233 4.568424 -0.046385 -0.002588 0.000000 -0.000000
495 1895.838031 88.928320 3.877084 88.926158 3.876942 -0.054645 -0.000783 0.000000 -0.000000
496 1899.675760 61.824103 3.185450 61.823895 3.185116 -0.050479 0.002954 0.000000 -0.000000
497 1903.513489 40.030730 2.493398 40.030730 2.493398 -0.038038 0.003254 0.000000 -0.000000
498 1907.351218 23.548060 1.801504 23.548060 1.801504 -0.025552 0.003254 0.000000 -0.000000
499 1911.188947 12.375993 1.109610 12.375993 1.109610 -0.013065 0.003254 -0.000000 -0.000000
500 1915.026675 6.514528 0.417716 6.514528 0.417716 -0.000578 0.003254 -0.000000 -0.000000
501 1918.864404 5.963665 -0.274178 5.963665 -0.274178 0.011908 0.003254 -0.000000 -0.000000
502 1922.702133 10.723405 -0.966072 10.723405 -0.966072 0.024395 0.003254 -0.000000 -0.000000
503 1926.539862 20.793747 -1.657965 20.793747 -1.657965 0.036882 0.003254 -0.000000 -0.000000
504 1930.377591 36.174692 -2.349859 36.174692 -2.349859 0.049368 0.003254 -0.000000 -0.000000
505 1934.215319 56.866238 -3.041753 56.866238 -3.041753 0.061855 0.003254 -0.000000 -0.000000
506 1938.053048 82.868935 -3.733616 82.867047 -3.733417 0.068880 -0.000008 -0.000000 -0.000000
507 1941.890777 114.180837 -4.425535 114.177036 -4.424919 0.062367 -0.002588 -0.000000 -0.000000
508 1945.728506 104.431738 4.874227 207.605497 -19.383067 0.041739 -0.007198 -0.000000 -0.000000
509 1949.566235 151.455297 -18.151880 188.660428 20.522548 0.027330 -0.001093 -0.000000 0.000000
510 1953.403963 247.507453 4.565519 91.327482 2.959646 0.019588 -0.003780 -0.000000 0.000000
511 1957.241692 213.764849 4.226817 70.184739 2.549535 0.005080 -0.003780 -0.000000 0.000000
512 1961.079421 182.621936 3.888116 52.189779 2.139425 -0.009429 -0.003780 -0.000000 0.000000
513 1964.917150 154.078715 3.549414 37.342601 1.729315 -0.023937 -0.003780 -0.000000 0.000000
514 1968.754879 128.135184 3.210712 25.643206 1.319205 -0.038445 -0.003780 -0.000000 0.000000
515 1972.592608 104.791345 2.872010 17.091593 0.909095 -0.052954 -0.003780 -0.000000 0.000000
516 1976.430336 84.047197 2.533309 11.687764 0.498985 -0.067462 -0.003780 -0.000000 0.000000
517 1980.268065 65.902741 2.194607 9.431716 0.088875 -0.081970 -0.003780 -0.000000 0.000000
518 1984.105794 50.357976 1.855905 10.323452 -0.321235 -0.096479 -0.003780 0.000000 0.000000
519 1987.943523 37.412902 1.517203 14.362970 -0.731345 -0.110987 -0.003780 0.000000 0.000000
520 1991.781252 26.194436 1.551184 22.209564 -1.443279 -0.123563 -0.002078 0.000000 0.000000
521 1995.618980 39.785898 -3.087051 14.422929 1.406367 -0.190355 -0.021832 0.000000 -0.000000
522 1999.456709 67.272252 -3.989198 6.680796 0.602822 -0.273927 -0.021387 0.000000 -0.000000
523 2003.294438 54.415615 2.478440 8.674359 -0.675010 -0.264749 0.006624 0.000000 0.000000
524 2007.132167 37.318660 1.976675 16.326894 -1.319017 -0.218743 0.019659 0.000000 0.000000
525 2010.969896 24.076497 1.473526 28.922477 -1.963024 -0.112925 0.035163 0.000000 0.000000
526 2014.807624 15.143833 0.228489 45.176586 -0.359122 0.022117 0.035747 0.000000 -0.000000
527 2018.645353 20.203495 -0.887705 32.731596 1.591004 0.165242 0.037435 0.000000 -0.000000
528 2022.483082 28.320489 -1.227346 22.108882 1.176965 0.308906 0.037435 0.000000 -0.000000
529 2026.320811 39.041051 -1.565458 14.664103 0.762927 0.463591 0.046959 0.000000 -0.000000
530 2030.158540 47.432155 2.101638 11.495926 -0.549168 0.622485 -0.000459 -0.000000 -0.000000
531 2033.996268 32.983121 1.663359 17.378587 -0.983681 0.620722 -0.000459 -0.000000 -0.000000
532 2037.833997 21.898079 1.225080 26.596336 -1.418195 0.618960 -0.000459 -0.000000 -0.000000
533 2041.671726 14.177029 0.786801 39.149173 -1.852708 0.617197 -0.000459 -0.000000 -0.000000
534 2045.509455 12.281544 -0.642280 44.186484 2.073422 0.684991 0.055707 -0.000000 0.000000
535 2049.347184 18.903561 -1.082901 30.038301 1.613181 0.910653 0.065585 -0.000000 0.000000
536 2053.184912 28.901834 -1.522140 19.422678 1.152940 1.192587 0.081340 -0.000000 0.000000
537 2057.022641 42.266186 -1.960313 12.339614 0.692699 1.534110 0.094456 -0.000000 0.000000
538 2060.860370 43.088056 2.016504 12.035117 -0.669449 1.625820 -0.056056 -0.000000 -0.000000
539 2064.698099 29.342198 1.565265 18.945652 -1.131235 1.410691 -0.056056 -0.000000 -0.000000
540 2068.535828 19.059782 1.114122 29.400608 -1.593021 1.195745 -0.054830 -0.000000 -0.000000
541 2072.373557 12.237112 0.663352 43.399984 -2.054807 1.012648 -0.043953 -0.000000 -0.000000
542 2076.211285 13.455165 -0.763789 39.980117 1.952108 1.050162 0.043953 -0.000000 0.000000
543 2080.049014 21.046970 -1.214179 26.769001 1.490322 1.244077 0.058343 -0.000000 0.000000
544 2083.886743 32.090787 -1.663277 17.102306 1.028536 1.498178 0.074077 -0.000000 0.000000
545 2087.724472 46.577807 -2.112085 10.980032 0.566750 1.806419 0.082663 -0.000000 0.000000
546 2091.562201 38.717707 1.881470 13.677212 -0.803587 1.643822 -0.081735 0.000000 0.000000
547 2095.399929 25.996121 1.433127 21.617318 -1.265373 1.360314 -0.066010 0.000000 0.000000
548 2099.237658 16.721565 0.983349 33.101845 -1.727159 1.137189 -0.050268 0.000000 0.000000
549 2103.075387 10.932860 0.372658 48.006698 -1.487253 0.964908 -0.029816 0.000000 0.000000
550 2106.913116 15.304149 -0.894770 35.777346 1.817970 1.100420 0.047171 0.000000 -0.000000
551 2110.750845 23.899637 -1.344777 23.595801 1.356184 1.311664 0.062915 0.000000 -0.000000
552 2114.588573 35.944255 -1.793437 14.958677 0.894398 1.583303 0.078644 0.000000 -0.000000
553 2118.426302 49.277723 0.710027 10.310091 -0.166557 1.858372 -0.026914 0.000000 0.000000
554 2122.264031 34.667852 1.751411 15.618374 -0.937725 1.555251 -0.077169 0.000000 0.000000
555 2126.101760 22.946387 1.302605 24.588051 -1.399511 1.289276 -0.061439 0.000000 0.000000
556 2129.939489 14.675007 0.852495 37.102148 -1.861297 1.083702 -0.045693 0.000000 0.000000
557 2133.777217 11.302877 -0.574541 46.570036 2.145619 0.979477 0.043953 0.000000 -0.000000
558 2137.614946 17.444932 -1.025598 31.873641 1.683832 1.155555 0.051745 0.000000 -0.000000
559 2141.452675 27.043352 -1.475261 20.721667 1.222046 1.384348 0.067486 0.000000 -0.000000
560 2145.290404 40.087765 -1.923537 13.114114 0.760260 1.673482 0.082663 0.000000 -0.000000
561 2149.128133 45.072001 2.069869 11.403775 -0.610077 1.776654 -0.082663 -0.000000 -0.000000
562 2152.965861 30.908135 1.621204 17.858602 -1.071863 1.471771 -0.072602 -0.000000 -0.000000
563 2156.803590 20.187782 1.171973 27.857850 -1.533649 1.223335 -0.056866 -0.000000 -0.000000
564 2160.641319 12.920383 0.721417 41.401518 -1.995435 1.034336 -0.043953 -0.000000 -0.000000
565 2164.479048 12.730079 -0.705725 41.935826 2.011481 1.028475 0.043953 -0.000000 0.000000
566 2168.316777 19.877309 -1.156340 28.269003 1.549694 1.215788 0.056319 -0.000000 0.000000
567 2172.154506 30.477849 -1.605620 18.146600 1.087908 1.462126 0.072055 -0.000000 0.000000
568 2175.992234 44.522066 -2.054235 11.568617 0.626122 1.765632 0.082663 -0.000000 0.000000
569 2179.829963 40.602844 1.939170 12.913498 -0.744215 1.684504 -0.082663 -0.000000 -0.000000
570 2183.667692 27.438874 1.490861 20.397896 -1.206001 1.393383 -0.068033 -0.000000 -0.000000
571 2187.505421 17.720538 1.041242 31.426714 -1.667787 1.162491 -0.052293 -0.000000 -0.000000
572 2191.343150 11.458195 0.590233 45.999954 -2.129573 0.985338 -0.043953 -0.000000 -0.000000
573 2195.180878 14.449740 -0.836837 37.600683 1.877343 1.077645 0.045145 -0.000000 0.000000
574 2199.018607 22.601074 -1.286985 24.963430 1.415556 1.281120 0.060892 -0.000000 0.000000
575 2202.856336 34.202839 -1.735844 15.870598 0.953770 1.544997 0.076623 -0.000000 0.000000
576 2206.694065 49.018695 -1.231563 10.371068 0.290942 1.853456 0.046807 -0.000000 0.000000
577 2210.531794 36.424627 1.808997 14.722287 -0.878353 1.593826 -0.079190 0.000000 0.000000
578 2214.369522 24.260362 1.360391 23.236256 -1.340139 1.320090 -0.063462 0.000000 0.000000
579 2218.207251 15.544865 0.910423 35.294645 -1.801925 1.106747 -0.047718 0.000000 0.000000
580 2222.044980 10.851220 -0.239880 48.334001 0.966078 0.961637 0.019258 0.000000 0.000000
581 2225.882709 16.461399 -0.967701 33.564606 1.743205 1.130522 0.049721 0.000000 -0.000000
582 2229.720438 25.615997 -1.417521 21.956924 1.281418 1.351548 0.065463 0.000000 -0.000000
583 2233.558166 38.218006 -1.865921 13.893663 0.819632 1.632959 0.081189 0.000000 -0.000000
584 2237.395895 47.143170 2.127719 10.831023 -0.550704 1.817442 -0.082663 0.000000 0.000000
585 2241.233624 32.536449 1.678854 16.830142 -1.012491 1.508093 -0.074623 0.000000 0.000000
586 2245.071353 21.372867 1.229806 26.373682 -1.474277 1.251893 -0.058890 0.000000 0.000000
587 2248.909082 13.660955 0.779481 39.461642 -1.936063 1.056023 -0.043953 0.000000 0.000000
588 2252.746811 12.062293 -0.647661 43.950127 2.070853 1.006788 0.043953 0.000000 -0.000000
589 2256.584539 18.764735 -1.098483 29.827595 1.609066 1.188499 0.054295 0.000000 -0.000000
590 2260.422268 28.921823 -1.547936 19.249484 1.147280 1.427072 0.070033 0.000000 -0.000000
591 2264.259997 42.523413 -1.996385 12.215793 0.685494 1.724844 0.082663 0.000000 -0.000000
592 2268.097726 42.545035 1.997020 12.208374 -0.684842 1.725292 -0.082663 0.000000 -0.000000
593 2271.935455 28.938588 1.548570 19.237064 -1.146629 1.427451 -0.070055 -0.000000 -0.000000
594 2275.773183 18.776634 1.099118 29.810174 -1.608415 1.188793 -0.054317 -0.000000 -0.000000
595 2279.610912 12.069310 0.648298 43.927706 -2.070201 1.007025 -0.043953 -0.000000 -0.000000
596 2283.448641 13.652518 -0.778844 39.482611 1.936715 1.055785 0.043953 -0.000000 -0.000000
597 2287.286370 21.359553 -1.229172 26.389650 1.474928 1.251574 0.058868 -0.000000 -0.000000
598 2291.124099 32.518272 -1.678222 16.841110 1.013142 1.507689 0.074601 -0.000000 -0.000000
599 2294.961827 47.120132 -2.127084 10.836990 0.551356 1.816994 0.082663 -0.000000 -0.000000
600 2298.799556 38.238215 1.866552 13.884791 -0.818981 1.633399 -0.081211 -0.000000 -0.000000
601 2302.637285 25.631350 1.418154 21.943051 -1.280767 1.351903 -0.065485 -0.000000 -0.000000
602 2306.475014 16.471882 0.968336 33.545733 -1.742553 1.130791 -0.049743 -0.000000 -0.000000
603 2310.312743 10.853847 0.245239 48.323424 -0.987370 0.961742 -0.019686 -0.000000 -0.000000
604 2314.150471 15.535010 -0.909788 35.314162 1.802577 1.106488 0.047696 -0.000000 0.000000
605 2317.988200 24.245634 -1.359757 23.250771 1.340790 1.319747 0.063440 -0.000000 0.000000
606 2321.825929 36.405041 -1.808365 14.731802 0.879004 1.593398 0.079168 -0.000000 0.000000
607 2325.663658 49.031918 1.210504 10.367945 -0.285864 1.853707 -0.046001 -0.000000 0.000000
608 2329.501387 34.221639 1.736476 15.860273 -0.953119 1.545412 -0.076645 -0.000000 0.000000
609 2333.339115 22.615014 1.287619 24.948105 -1.414905 1.281450 -0.060914 -0.000000 0.000000
610 2337.176844 14.458806 0.837473 37.580357 -1.876691 1.077890 -0.045168 0.000000 0.000000
611 2341.014573 11.451807 -0.589596 46.023018 2.130225 0.985100 0.043953 0.000000 0.000000
612 2344.852302 17.709266 -1.040607 31.444778 1.668439 1.162208 0.052270 0.000000 0.000000
613 2348.690031 27.422733 -1.490227 20.410959 1.206652 1.393015 0.068010 0.000000 0.000000
614 2352.527760 40.581848 -1.938536 12.921560 0.744866 1.684057 0.082663 0.000000 0.000000
615 2356.365488 44.544314 2.054870 11.561841 -0.625470 1.766079 -0.082663 0.000000 0.000000
616 2360.203217 30.495240 1.606253 18.134822 -1.087257 1.462516 -0.072077 0.000000 0.000000
617 2364.040946 19.889835 1.156975 28.252225 -1.549043 1.216093 -0.056341 0.000000 0.000000
618 2367.878675 12.737725 0.706362 41.914048 -2.010829 1.028713 -0.043953 0.000000 0.000000
619 2371.716404 12.912575 -0.720780 41.423130 1.996087 1.034098 0.043953 0.000000 -0.000000
620 2375.554132 20.175094 -1.171339 27.874461 1.534301 1.223027 0.056844 0.000000 -0.000000
621 2379.391861 30.890583 -1.620572 17.870212 1.072514 1.471378 0.072579 0.000000 -0.000000
622 2383.229590 45.049590 -2.069234 11.410385 0.610728 1.776207 0.082663 0.000000 -0.000000
623 2387.067319 40.108598 1.924171 13.105885 -0.759608 1.673929 -0.082663 0.000000 -0.000000
624 2390.905048 27.059331 1.475894 20.708438 -1.221395 1.384713 -0.067508 0.000000 -0.000000
625 2394.742776 17.456042 1.026234 31.855411 -1.683181 1.155835 -0.051768 0.000000 -0.000000
626 2398.580505 11.309102 0.575178 46.546805 -2.144967 0.979715 -0.043953 0.000000 -0.000000
627 2402.418234 14.665779 -0.851860 37.122308 1.861949 1.083449 0.045659 0.000000 -0.000000
628 2406.255963 22.932922 -1.302479 24.603209 1.400162 1.285407 0.056056 -0.000000 -0.000000
629 2410.093692 34.661780 -1.753719 15.628532 0.938376 1.500536 0.056056 -0.000000 -0.000000
630 2413.931420 49.535208 -1.305429 10.265228 0.291057 1.710154 0.025180 -0.000000 -0.000000
631 2417.769149 46.747137 0.500326 12.202368 -0.484373 1.582707 -0.036154 -0.000000 -0.000000
632 2421.606878 43.289737 0.400496 17.410325 -0.872668 1.474127 -0.020430 -0.000000 -0.000000
633 2425.444607 40.600185 0.300264 25.598628 -1.260964 1.425903 -0.004701 -0.000000 -0.000000
634 2429.282336 38.376389 0.535536 37.055302 -1.973501 1.413450 -0.013866 -0.000000 -0.000000
635 2433.120065 34.253465 0.470556 54.778652 -2.578863 1.350347 -0.016510 -0.000000 -0.000000
636 2436.957793 31.166912 0.333709 76.629583 -3.114851 1.286985 -0.016510 -0.000000 -0.000000
637 2440.795522 29.130723 0.196862 102.594466 -3.650839 1.223624 -0.016510 -0.000000 -0.000000
638 2444.633251 29.273478 -1.714380 127.565825 3.752175 1.183416 0.055555 -0.000000 0.000000
639 2448.470980 56.292319 -2.666934 68.540573 4.758740 1.580639 0.062246 -0.000000 0.000000
640 2452.308709 52.866473 0.736135 61.133195 0.528675 1.482436 -0.031736 -0.000000 0.000000
641 2456.146437 47.636294 0.625820 57.383630 0.448352 1.383946 -0.023515 -0.000000 0.000000
642 2459.984166 43.263107 0.513705 54.250577 0.368030 1.293702 -0.023515 -0.000000 0.000000
643 2463.821895 39.750460 0.401589 51.734034 0.287708 1.203459 -0.023515 -0.000000 0.000000
644 2467.659624 37.098352 0.289473 49.834002 0.207385 1.113215 -0.023515 -0.000000 0.000000
645 2471.497353 35.306784 0.177357 48.550481 0.127063 1.022971 -0.023515 -0.000000 0.000000
646 2475.335081 34.375756 0.065241 47.883470 0.046741 0.932727 -0.023515 -0.000000 0.000000
647 2479.172810 34.305267 -0.046874 47.832971 -0.033582 0.842483 -0.023515 -0.000000 0.000000
648 2483.010539 35.095319 -0.158990 48.398982 -0.113904 0.752239 -0.023515 -0.000000 0.000000
649 2486.848268 36.745910 -0.271106 49.581504 -0.194227 0.661995 -0.023515 -0.000000 0.000000
650 2490.685997 39.257041 -0.383222 51.380537 -0.274549 0.571751 -0.023515 -0.000000 0.000000
651 2494.523725 42.628711 -0.495337 53.796081 -0.354871 0.481507 -0.023515 -0.000000 0.000000
652 2498.361454 46.860921 -0.607453 56.828135 -0.435194 0.391264 -0.023515 -0.000000 0.000000
653 2502.199183 51.953671 -0.719569 60.476700 -0.515516 0.301020 -0.023515 -0.000000 0.000000
654 2506.036912 58.265576 -1.600259 64.341838 0.256418 0.211453 -0.020653 -0.000000 0.000000
655 2509.874641 88.126427 -4.810112 48.503705 2.247526 0.156135 -0.013122 -0.000000 0.000000
656 2513.712369 84.628999 4.212967 51.330967 -2.342737 0.077049 -0.025978 -0.000000 0.000000
657 2517.550098 55.548390 3.365180 71.174241 -2.827840 -0.008617 -0.015222 -0.000000 0.000000
658 2521.387827 32.976939 2.515790 94.740900 -3.312943 -0.036670 0.000603 -0.000000 0.000000
659 2525.225556 16.937216 1.663186 122.030945 -3.798045 -0.016641 0.006213 -0.000000 0.000000
660 2529.063285 11.043301 0.333330 110.702457 3.363238 0.005501 0.005613 0.000000 0.000000
661 2532.901014 9.966698 -0.052799 86.526007 2.936439 0.027041 0.005613 0.000000 0.000000
662 2536.738742 11.853809 -0.438927 65.625433 2.509640 0.048581 0.005613 0.000000 0.000000
663 2540.576471 16.704726 -0.826840 48.000474 2.087968 0.070121 0.005620 0.000000 0.000000
664 2544.414200 24.835398 -1.265579 33.050399 1.730083 0.092222 0.005781 0.000000 0.000000
665 2548.251929 36.092183 -1.667610 21.550691 1.266404 0.114410 0.005781 0.000000 0.000000
666 2552.089658 50.434736 -2.069640 13.609932 0.802725 0.136598 0.005781 0.000000 0.000000
667 2555.927386 66.442890 0.282340 9.429024 -0.045871 0.157115 -0.000670 0.000000 0.000000
668 2559.765115 49.991508 2.058393 13.783703 -0.815698 0.135977 -0.005781 0.000000 0.000000
669 2563.602844 35.735287 1.656362 21.824033 -1.279377 0.113789 -0.005781 0.000000 0.000000
670 2567.440573 24.564834 1.254332 33.423311 -1.743056 0.091602 -0.005781 0.000000 0.000000
671 2571.278302 16.528621 0.814253 48.449291 -2.094782 0.069519 -0.005613 0.000000 0.000000
672 2575.116030 11.760713 0.428124 66.165638 -2.521581 0.047978 -0.005613 0.000000 0.000000
673 2578.953759 9.956520 0.041996 87.157863 -2.948380 0.026438 -0.005613 0.000000 0.000000
674 2582.791488 11.116040 -0.344133 111.425964 -3.375179 0.004898 -0.005613 0.000000 0.000000
675 2586.629217 17.296933 -1.687061 121.216806 3.784473 -0.017309 -0.006213 0.000000 -0.000000
676 2590.466946 33.519737 -2.539592 94.030933 3.299371 -0.036711 -0.000160 0.000000 -0.000000
677 2594.304674 56.273579 -3.388900 70.568445 2.814268 -0.006959 0.015665 0.000000 -0.000000
678 2598.142403 85.536249 -4.236754 50.829343 2.329165 0.079838 0.025978 0.000000 -0.000000
679 2601.980132 87.096656 4.780704 48.987780 -2.260921 0.157544 0.013122 0.000000 0.000000
680 2605.817861 57.941473 1.418615 64.376205 -0.063628 0.213705 0.021295 0.000000 -0.000000
681 2609.655590 51.799487 0.716432 60.366239 0.513269 0.303544 0.023515 0.000000 -0.000000
682 2613.493319 46.730813 0.604316 56.734922 0.432946 0.393788 0.023515 0.000000 -0.000000
683 2617.331047 42.522679 0.492201 53.720116 0.352624 0.484032 0.023515 0.000000 -0.000000
684 2621.168776 39.175084 0.380085 51.321821 0.272302 0.574276 0.023515 0.000000 -0.000000
685 2625.006505 36.688029 0.267969 49.540037 0.191979 0.664520 0.023515 0.000000 -0.000000
686 2628.844234 35.061514 0.155853 48.374763 0.111657 0.754764 0.023515 0.000000 -0.000000
687 2632.681963 34.295538 0.043738 47.826001 0.031335 0.845008 0.023515 0.000000 -0.000000
688 2636.519691 34.390103 -0.068378 47.893749 -0.048988 0.935252 0.023515 0.000000 -0.000000
689 2640.357420 35.345207 -0.180494 48.578008 -0.129310 1.025496 0.023515 0.000000 -0.000000
690 2644.195149 37.160851 -0.292610 49.878777 -0.209632 1.115739 0.023515 0.000000 -0.000000
691 2648.032878 39.837034 -0.404725 51.796058 -0.289955 1.205983 0.023515 0.000000 -0.000000
692 2651.870607 43.373757 -0.516841 54.329849 -0.370277 1.296227 0.023515 0.000000 -0.000000
693 2655.708335 47.771020 -0.628957 57.480151 -0.450600 1.386471 0.023515 -0.000000 -0.000000
694 2659.546064 53.024877 -0.739169 61.246964 -0.530922 1.485867 0.032176 -0.000000 -0.000000
695 2663.383793 55.668281 3.143228 69.632105 -5.410509 1.573207 -0.076173 -0.000000 -0.000000
696 2667.221522 28.938825 1.403568 128.232070 -2.450651 1.178100 -0.043459 -0.000000 -0.000000
697 2671.059251 29.173409 -0.200691 101.812091 3.635843 1.225396 0.016510 -0.000000 -0.000000
698 2674.896979 31.238984 -0.337538 75.962307 3.099855 1.288758 0.016510 -0.000000 -0.000000
699 2678.734708 34.354924 -0.474385 54.226474 2.563868 1.352119 0.016510 -0.000000 -0.000000
700 2682.572437 38.487523 -0.499476 36.637102 1.921568 1.414861 0.012409 -0.000000 -0.000000
701 2686.410166 40.664965 -0.303073 25.329014 1.250100 1.426431 0.005141 -0.000000 -0.000000
702 2690.247895 43.376041 -0.403295 17.224094 0.861805 1.476345 0.020870 -0.000000 -0.000000
703 2694.085623 46.854876 -0.503112 12.099520 0.473509 1.586612 0.036594 -0.000000 -0.000000
704 2697.923352 49.226676 1.567542 10.334973 -0.358639 1.706951 -0.034479 -0.000000 -0.000000
705 2701.761081 34.286540 1.741094 15.831427 -0.951296 1.494517 -0.056056 -0.000000 -0.000000
706 2705.598810 22.654582 1.289854 24.905269 -1.413082 1.279388 -0.056056 -0.000000 -0.000000
707 2709.436539 14.484204 0.839252 37.523532 -1.874868 1.078571 -0.045218 -0.000000 -0.000000
708 2713.274268 11.433973 -0.587814 46.087580 2.132047 0.984435 0.043953 -0.000000 0.000000
709 2717.111996 17.677769 -1.038830 31.495350 1.670261 1.161417 0.052208 -0.000000 0.000000
710 2720.949725 27.377614 -1.488455 20.447541 1.208475 1.391985 0.067948 -0.000000 0.000000
711 2724.787454 40.523148 -1.936760 12.944153 0.746689 1.682805 0.082663 -0.000000 0.000000
712 2728.625183 44.606592 2.056646 11.542920 -0.623648 1.767331 -0.082663 -0.000000 0.000000
713 2732.462912 30.543927 1.608023 18.101912 -1.085434 1.463609 -0.072139 0.000000 0.000000
714 2736.300640 19.924911 1.158751 28.205325 -1.547220 1.216947 -0.056403 0.000000 0.000000
715 2740.138369 12.759150 0.708145 41.853159 -2.009006 1.029378 -0.043953 0.000000 0.000000
716 2743.976098 12.890766 -0.718997 41.483628 1.997909 1.033432 0.043953 0.000000 -0.000000
717 2747.813827 20.139636 -1.169563 27.920969 1.536123 1.222166 0.056782 0.000000 -0.000000
718 2751.651556 30.841515 -1.618801 17.902731 1.074337 1.470279 0.072517 0.000000 -0.000000
719 2755.489284 44.986930 -2.067458 11.428914 0.612551 1.774955 0.082663 0.000000 -0.000000
720 2759.327013 40.166917 1.925947 13.082901 -0.757786 1.675181 -0.082663 0.000000 0.000000
721 2763.164742 27.104069 1.477666 20.671464 -1.219572 1.385736 -0.067570 0.000000 0.000000
722 2767.002471 17.487158 1.028011 31.804447 -1.681358 1.156619 -0.051830 0.000000 0.000000
723 2770.840200 11.326553 0.576961 46.481852 -2.143144 0.980381 -0.043953 0.000000 0.000000
724 2774.677928 14.639999 -0.850081 37.178742 1.863771 1.082763 0.045608 0.000000 -0.000000
725 2778.515657 22.892869 -1.300197 24.645654 1.401985 1.288014 0.061354 0.000000 -0.000000
726 2782.353386 34.595878 -1.749011 15.656987 0.940199 1.553665 0.077085 0.000000 -0.000000
727 2786.191115 49.246864 -0.790786 10.317333 0.185657 1.857787 0.029985 0.000000 -0.000000
728 2790.028844 36.018056 1.795836 14.921947 -0.891924 1.584921 -0.078728 0.000000 -0.000000
729 2793.866572 23.954988 1.347184 23.540081 -1.353710 1.312959 -0.063000 -0.000000 -0.000000
730 2797.704301 15.340994 0.897183 35.702636 -1.815496 1.101391 -0.047255 -0.000000 -0.000000
731 2801.542030 10.917959 -0.352062 48.066217 1.407380 0.964312 0.028186 -0.000000 -0.000000
732 2805.379759 16.681176 -0.980937 33.172922 1.729633 1.136156 0.050183 -0.000000 -0.000000
733 2809.217488 25.937236 -1.430721 21.669405 1.267847 1.358958 0.065925 -0.000000 -0.000000
734 2813.055217 38.640384 -1.879072 13.710309 0.806061 1.642142 0.081651 -0.000000 -0.000000
735 2816.892945 46.664712 2.114495 10.956776 -0.564276 1.808119 -0.082663 -0.000000 -0.000000
736 2820.730674 32.159236 1.665679 17.060060 -1.026062 1.499702 -0.074161 -0.000000 -0.000000
737 2824.568403 21.096951 1.216589 26.707765 -1.487848 1.245277 -0.058428 -0.000000 -0.000000
738 2828.406132 13.486625 0.766209 39.899890 -1.949634 1.051065 -0.043953 -0.000000 -0.000000
739 2832.243861 12.209883 -0.660933 43.484536 2.057282 1.011745 0.043953 -0.000000 0.000000
740 2836.081589 19.014012 -1.111709 29.466169 1.595495 1.194648 0.054758 -0.000000 0.000000
741 2839.919318 29.272478 -1.561124 18.992223 1.133709 1.434996 0.070495 -0.000000 0.000000
742 2843.757047 42.975228 -2.009609 12.062697 0.671923 1.734167 0.082663 -0.000000 0.000000
743 2847.594776 42.096059 1.983797 12.364384 -0.698414 1.715969 -0.082663 -0.000000 0.000000
744 2851.432505 28.590765 1.535381 19.497239 -1.160200 1.419576 -0.069593 -0.000000 0.000000
745 2855.270233 18.530198 1.085890 30.174515 -1.621986 1.182693 -0.053854 -0.000000 0.000000
746 2859.107962 11.924570 0.635025 44.396211 -2.083772 1.002068 -0.043953 -0.000000 0.000000
747 2862.945691 13.829698 -0.792117 39.047277 1.923143 1.060742 0.043953 0.000000 0.000000
748 2866.783420 21.638308 -1.242389 26.058481 1.461357 1.258240 0.059331 0.000000 0.000000
749 2870.621149 32.898314 -1.691395 16.614106 0.999571 1.516129 0.075063 0.000000 0.000000
750 2874.458877 47.601430 -2.140307 10.714152 0.537785 1.826317 0.082663 0.000000 0.000000
751 2878.296606 37.818660 1.853399 14.071059 -0.832552 1.624266 -0.080749 0.000000 0.000000
752 2882.134335 25.312947 1.404953 22.233484 -1.294338 1.344543 -0.065023 0.000000 0.000000
753 2885.972064 16.254947 0.955100 33.940331 -1.756124 1.125207 -0.049280 0.000000 0.000000
754 2889.809793 10.811087 0.134023 48.495994 -0.542180 0.960025 -0.010778 0.000000 0.000000
755 2893.647522 15.741724 -0.923027 34.909085 1.789005 1.111894 0.048158 0.000000 -0.000000
756 2897.485250 24.553843 -1.372963 22.949860 1.327219 1.326928 0.063902 0.000000 -0.000000
757 2901.322979 36.814438 -1.821524 14.535056 0.865433 1.602353 0.079630 0.000000 -0.000000
758 2905.160708 48.709578 1.646529 10.444403 -0.392272 1.847573 -0.062778 0.000000 -0.000000
759 2908.998437 33.831428 1.723307 16.076799 -0.966690 1.536794 -0.076183 0.000000 -0.000000
760 2912.836166 22.326056 1.274406 25.268795 -1.428476 1.274606 -0.060451 0.000000 -0.000000
761 2916.673894 14.271391 0.824229 38.005213 -1.890262 1.072821 -0.044705 0.000000 -0.000000
762 2920.511623 11.586299 -0.602868 45.544034 2.116654 0.990058 0.043953 0.000000 -0.000000
763 2924.349352 17.945488 -1.053838 31.069959 1.654867 1.168129 0.052733 0.000000 -0.000000
764 2928.187081 27.760371 -1.503421 20.140305 1.193081 1.400712 0.068473 -0.000000 -0.000000
765 2932.024810 41.020615 -1.951759 12.755072 0.731295 1.693380 0.082663 -0.000000 -0.000000
766 2935.862538 44.082289 2.041647 11.704459 -0.639042 1.756756 -0.082663 -0.000000 -0.000000
767 2939.700267 30.134404 1.593070 18.381605 -1.100828 1.454413 -0.071615 -0.000000 -0.000000
768 2943.537996 19.630347 1.143752 28.603173 -1.562614 1.209765 -0.055879 -0.000000 -0.000000
769 2947.375725 12.579888 0.693090 42.369161 -2.024400 1.023755 -0.043953 -0.000000 -0.000000
770 2951.213454 13.076658 -0.734052 40.974404 1.982516 1.039055 0.043953 -0.000000 0.000000
771 2955.051182 20.440804 -1.184560 27.529899 1.520729 1.229464 0.057307 -0.000000 0.000000
772 2958.888911 31.257621 -1.633752 17.629816 1.058943 1.479590 0.073042 -0.000000 0.000000
773 2962.726640 45.517838 -2.082457 11.274153 0.597157 1.785530 0.082663 -0.000000 0.000000
774 2966.564369 39.676055 1.910948 13.278760 -0.773180 1.664606 -0.082663 -0.000000 -0.000000
775 2970.402098 26.727902 1.462698 20.985478 -1.234966 1.377126 -0.067046 -0.000000 -0.000000
776 2974.239826 17.226047 1.013001 32.236616 -1.696752 1.150022 -0.051305 -0.000000 -0.000000
777 2978.077555 11.180856 0.561906 47.032175 -2.158538 0.974758 -0.043953 -0.000000 -0.000000
778 2981.915284 14.859426 -0.865102 36.703839 1.848378 1.088631 0.046133 -0.000000 0.000000
779 2985.753013 23.227460 -1.315182 24.288906 1.386591 1.295896 0.061879 -0.000000 0.000000
780 2989.590742 35.045298 -1.763945 15.418393 0.924805 1.563560 0.077609 -0.000000 0.000000
781 2993.428471 49.384807 -0.286996 10.285008 0.067127 1.860400 0.010867 0.000000 0.000000
782 2997.266199 35.560476 1.780907 15.152128 -0.907318 1.574883 -0.078204 0.000000 0.000000
783 3001.103928 23.612208 1.332203 23.888417 -1.369104 1.304933 -0.062475 0.000000 0.000000
784 3004.941657 15.113359 0.882164 36.169126 -1.830890 1.095379 -0.046730 0.000000 0.000000
785 3008.779386 11.024502 -0.481118 47.642814 1.900728 0.968568 0.038349 0.000000 -0.000000
786 3012.617115 16.934084 -0.995949 32.732340 1.714240 1.142609 0.050708 0.000000 -0.000000
787 3016.454843 26.305221 -1.445692 21.346978 1.252453 1.367425 0.066450 0.000000 -0.000000
788 3020.292572 39.123080 -1.893988 13.506036 0.790667 1.652622 0.082175 0.000000 -0.000000
789 3024.130301 46.125607 2.099496 11.103124 -0.579669 1.797543 -0.082663 0.000000 0.000000
790 3027.968030 31.734960 1.650733 17.324562 -1.041456 1.490248 -0.073637 0.000000 0.000000
791 3031.805759 20.787587 1.201595 27.090421 -1.503242 1.237836 -0.057903 0.000000 0.000000
792 3035.643487 13.292505 0.751154 40.400701 -1.965028 1.045443 -0.043953 0.000000 0.000000
793 3039.481216 12.380918 -0.675988 42.960120 2.041888 1.017368 0.043953 0.000000 -0.000000
794 3043.318945 19.300382 -1.126712 29.059908 1.580101 1.201655 0.055271 0.000000 -0.000000
795 3047.156674 29.679680 -1.577889 18.704117 1.118315 1.416709 0.056056 0.000000 -0.000000
796 3050.994403 43.522438 -2.029129 11.892746 0.656529 1.631838 0.056056 0.000000 -0.000000
797 3054.832131 41.846524 1.948016 12.489754 -0.705577 1.523968 -0.094456 -0.000000 -0.000000
798 3058.669860 28.576233 1.509872 19.671663 -1.165819 1.183876 -0.080899 -0.000000 -0.000000
799 3062.507589 18.672272 1.070595 30.386135 -1.626060 0.903633 -0.065144 -0.000000 -0.000000
800 3066.345318 12.144879 0.629930 44.633170 -2.086301 0.679007 -0.055707 -0.000000 -0.000000
801 3070.183047 14.347229 -0.799061 38.752647 1.840558 0.617243 0.000459 -0.000000 0.000000
802 3074.020776 22.162389 -1.237342 26.293074 1.406043 0.619004 0.000459 -0.000000 0.000000
803 3077.858504 33.341554 -1.675622 17.168606 0.971527 0.620765 0.000459 -0.000000 0.000000
804 3081.696233 47.884723 -2.113903 11.379244 0.537012 0.622525 0.000459 -0.000000 0.000000
805 3085.533962 38.705906 1.556030 14.829088 -0.774506 0.458565 -0.046517 -0.000000 -0.000000
806 3089.371691 28.058015 1.217838 22.362743 -1.188545 0.304880 -0.037434 -0.000000 -0.000000
807 3093.209420 20.013989 0.878200 33.074340 -1.602584 0.161217 -0.037434 -0.000000 -0.000000
808 3097.047148 15.209529 -0.382490 45.052907 0.790795 0.018286 -0.035552 -0.000000 0.000000
809 3100.884877 24.394647 -1.487669 28.502819 1.944993 -0.116703 -0.035050 -0.000000 0.000000
810 3104.722606 37.744946 -1.990738 16.045609 1.300992 -0.220834 -0.019216 -0.000000 0.000000
811 3108.560335 54.949767 -2.492549 8.531403 0.656991 -0.265464 -0.006624 -0.000000 0.000000
812 3112.398064 66.418984 3.962231 6.812660 -0.624735 -0.271635 0.021387 0.000000 0.000000
813 3116.235792 39.126529 3.058634 14.727321 -1.428524 -0.188014 0.021832 0.000000 0.000000
814 3120.073521 26.557069 -1.821986 21.878298 1.640059 -0.123407 0.000884 0.000000 -0.000000
815 3123.911250 37.740810 -1.526748 14.207043 0.719872 -0.110584 0.003780 0.000000 -0.000000
816 3127.748979 50.759188 -1.865461 10.255599 0.309759 -0.096076 0.003780 0.000000 -0.000000
817 3131.586708 66.377345 -2.204174 9.451965 -0.100355 -0.081569 0.003780 0.000000 -0.000000
818 3135.424436 84.595282 -2.542888 11.796139 -0.510469 -0.067061 0.003780 0.000000 -0.000000
819 3139.262165 105.412998 -2.881601 17.288124 -0.920582 -0.052553 0.003780 0.000000 -0.000000
820 3143.099894 128.830495 -3.220314 25.927917 -1.330696 -0.038045 0.003780 0.000000 -0.000000
821 3146.937623 154.847771 -3.559028 37.715520 -1.740809 -0.023537 0.003780 0.000000 -0.000000
822 3150.775352 183.464828 -3.897741 52.650933 -2.150923 -0.009030 0.003780 0.000000 -0.000000
823 3154.613080 214.681664 -4.236454 70.734155 -2.561036 0.005478 0.003780 0.000000 -0.000000
824 3158.450809 248.498280 -4.575168 91.965186 -2.971150 0.019986 0.003780 0.000000 -0.000000
825 3162.288538 147.588171 17.918255 193.095113 -20.763006 0.027441 0.001094 0.000000 0.000000
826 3166.126267 105.485136 -4.899828 203.466357 19.188349 0.042507 0.007198 0.000000 -0.000000
827 3169.963996 113.236627 4.406349 113.230743 4.405559 0.062639 0.002589 0.000000 -0.000000
828 3173.801725 82.071970 3.714308 82.069731 3.714140 0.071220 0.000776 0.000000 -0.000000
829 3177.639453 56.216939 3.022514 56.216939 3.022514 0.065324 -0.003481 0.000000 -0.000000
830 3181.477182 35.673166 2.330593 35.673166 2.330593 0.051963 -0.003481 -0.000000 -0.000000
831 3185.314911 20.440199 1.638673 20.440199 1.638673 0.038603 -0.003481 -0.000000 -0.000000
832 3189.152640 10.518035 0.946753 10.518035 0.946753 0.025242 -0.003481 -0.000000 -0.000000
833 3192.990369 5.906677 0.254833 5.906677 0.254833 0.011881 -0.003481 -0.000000 -0.000000
834 3196.828097 6.606123 -0.437088 6.606123 -0.437088 -0.001480 -0.003481 -0.000000 -0.000000
835 3200.665826 12.616374 -1.129008 12.616374 -1.129008 -0.014840 -0.003481 -0.000000 -0.000000
836 3204.503555 23.937429 -1.820928 23.937429 -1.820928 -0.028201 -0.003481 -0.000000 -0.000000
837 3208.341284 40.569289 -2.512849 40.569289 -2.512849 -0.041562 -0.003481 -0.000000 -0.000000
838 3212.179013 62.512214 -3.204936 62.511651 -3.204539 -0.054642 -0.002656 -0.000000 -0.000000
839 3216.016741 89.765478 -3.896417 89.763021 -3.896372 -0.055895 0.002003 -0.000000 -0.000000
840 3219.854470 122.386754 -5.222103 122.264565 -3.954697 -0.046113 0.002349 -0.000000 -0.000000
841 3223.692199 237.501015 -10.459782 98.326698 0.378237 -0.047262 0.001023 -0.000000 0.000000
842 3227.529928 151.846222 18.992013 184.907696 -20.219058 -0.027069 0.007272 -0.000000 -0.000000
843 3231.367657 81.406892 3.260866 238.538280 4.504116 -0.003406 0.005449 -0.000000 0.000000
844 3235.205385 58.482943 2.712445 205.281467 4.161638 0.017508 0.005449 -0.000000 0.000000
845 3239.043114 39.768377 2.164024 174.653324 3.819161 0.038421 0.005449 -0.000000 0.000000
846 3242.880843 25.263193 1.615603 146.653851 3.476684 0.059334 0.005449 -0.000000 0.000000
847 3246.718572 14.967391 1.067182 121.283048 3.134206 0.080248 0.005449 -0.000000 0.000000
848 3250.556301 8.880971 0.518761 98.540916 2.791729 0.101161 0.005449 -0.000000 0.000000
849 3254.394030 7.003934 -0.029660 78.427454 2.449252 0.122075 0.005449 -0.000000 0.000000
850 3258.231758 9.336280 -0.578081 60.942662 2.106774 0.142988 0.005449 -0.000000 0.000000
851 3262.069487 15.878007 -1.126502 46.086540 1.764297 0.163901 0.005449 -0.000000 0.000000
852 3265.907216 26.629117 -1.674923 33.859089 1.421820 0.184815 0.005449 -0.000000 0.000000
853 3269.744945 38.477879 1.239904 26.256145 -1.153123 0.197776 -0.012144 -0.000000 0.000000
854 3273.582674 16.143666 2.382729 53.192752 -4.448583 0.105017 -0.025502 0.000000 0.000000
855 3277.420402 4.436560 0.422670 84.455358 1.930603 0.008631 -0.023498 0.000000 0.000000
856 3281.258131 5.571280 -0.632794 59.214728 3.013296 -0.078593 -0.018835 0.000000 0.000000
857 3285.095860 14.127901 -1.596625 38.593437 2.360010 -0.120504 -0.003006 0.000000 0.000000
858 3288.933589 30.076854 -2.558898 22.986411 1.706725 -0.101674 0.012503 0.000000 0.000000
859 3292.771318 42.725315 1.891816 15.901405 -0.632030 -0.045746 0.019967 0.000000 0.000000
860 3296.609046 29.783212 1.480518 22.048727 -0.969783 0.030882 0.019967 0.000000 0.000000
861 3300.446775 19.998009 1.069220 30.788461 -1.307536 0.107510 0.019967 0.000000 0.000000
862 3304.284504 13.367175 0.658573 42.120606 -1.645290 0.204906 0.032120 0.000000 0.000000
863 3308.122233 12.547365 -0.657133 44.145511 2.024130 0.362072 0.055242 0.000000 -0.000000
864 3311.959962 19.271843 -1.095069 30.309924 1.581020 0.574076 0.055242 0.000000 -0.000000
865 3315.797690 29.357684 -1.533006 19.875404 1.137911 0.786079 0.055242 0.000000 -0.000000
866 3319.635419 42.804888 -1.970943 12.841952 0.694801 0.998083 0.055242 0.000000 -0.000000
867 3323.473148 41.266386 1.943325 13.291222 -0.715039 1.009279 -0.040099 0.000000 0.000000
868 3327.310877 28.049613 1.500642 20.454143 -1.151409 0.877090 -0.026747 0.000000 0.000000
869 3331.148606 18.233762 1.056868 30.966402 -1.587779 0.804697 -0.010979 0.000000 0.000000
870 3334.986334 11.828891 0.611739 44.827999 -2.024148 0.788291 -0.001312 0.000000 0.000000
871 3338.824063 13.894809 -0.796418 38.944081 1.922191 0.971539 0.070418 0.000000 -0.000000
872 3342.661792 21.739983 -1.247805 25.965908 1.459542 1.241783 0.070418 0.000000 -0.000000
873 3346.499521 33.049076 -1.698562 16.538777 0.996893 1.514608 0.075017 0.000000 -0.000000
874 3350.337250 47.810192 -2.148257 10.662688 0.534244 1.824389 0.082501 -0.000000 -0.000000
875 3354.174979 37.841248 1.856167 14.070054 -0.834377 1.619443 -0.080577 -0.000000 -0.000000
876 3358.012707 25.317251 1.406948 22.249797 -1.297025 1.340381 -0.064851 -0.000000 -0.000000
877 3361.850436 16.246907 0.956321 33.980581 -1.759674 1.121706 -0.049107 -0.000000 -0.000000
878 3365.688165 10.785302 0.148502 48.614563 -0.603526 0.956646 -0.011923 -0.000000 -0.000000
879 3369.525894 15.677441 -0.920649 35.059435 1.796250 1.106996 0.047862 -0.000000 0.000000
880 3373.363623 24.474320 -1.371369 23.047918 1.333601 1.320894 0.063606 -0.000000 0.000000
881 3377.201351 36.725696 -1.820715 14.587444 0.870952 1.595185 0.079335 -0.000000 0.000000
882 3381.039080 48.991221 1.457356 10.378073 -0.344060 1.846908 -0.055224 -0.000000 -0.000000
883 3384.876809 34.090536 1.734047 15.944967 -0.960318 1.537499 -0.076298 -0.000000 -0.000000
884 3388.714538 22.505588 1.284400 25.091367 -1.422967 1.274869 -0.060566 -0.000000 -0.000000
885 3392.552267 14.377107 0.833468 37.788808 -1.885616 1.072644 -0.044820 -0.000000 -0.000000
886 3396.389995 11.452997 -0.591672 46.033831 2.132957 0.982669 0.043790 -0.000000 0.000000
887 3400.227724 17.729348 -1.043454 31.437929 1.670308 1.159237 0.052149 -0.000000 0.000000
888 3404.065453 27.467621 -1.493844 20.393069 1.207659 1.389581 0.067890 -0.000000 0.000000
889 3407.903182 40.657442 -1.942926 12.899252 0.745011 1.680149 0.082501 -0.000000 0.000000
890 3411.740911 44.689718 2.061195 11.521008 -0.623610 1.763230 -0.082501 0.000000 0.000000
891 3415.578639 30.595117 1.611798 18.083022 -1.086259 1.460027 -0.072017 0.000000 0.000000
892 3419.416368 19.950077 1.161757 28.196078 -1.548908 1.213834 -0.056281 0.000000 0.000000
893 3423.254097 12.764204 0.710380 41.860175 -2.011557 1.026767 -0.043790 0.000000 0.000000
894 3427.091826 12.817886 -0.714820 41.708810 2.007016 1.028416 0.043790 0.000000 -0.000000
895 3430.929555 20.037762 -1.166180 28.079565 1.544367 1.215957 0.056436 0.000000 -0.000000
896 3434.767283 30.716705 -1.616208 18.001361 1.081718 1.462742 0.072172 0.000000 -0.000000
897 3438.605012 44.845161 -2.065619 11.474200 0.619069 1.766338 0.082501 0.000000 -0.000000
898 3442.442741 40.511242 1.938502 12.955547 -0.749551 1.677042 -0.082501 0.000000 0.000000
899 3446.280470 27.355251 1.489430 20.484217 -1.212200 1.387027 -0.067735 0.000000 0.000000
900 3450.118199 17.650908 1.039027 31.563930 -1.674849 1.157276 -0.051995 0.000000 0.000000
901 3453.955928 11.408592 0.587232 46.194684 -2.137498 0.981019 -0.043790 0.000000 0.000000
902 3457.793656 14.440062 -0.837898 37.646930 1.881075 1.074335 0.044974 0.000000 -0.000000
903 3461.631385 22.602512 -1.288820 24.984341 1.418426 1.277154 0.060721 0.000000 -0.000000
904 3465.469114 34.221333 -1.738452 15.872795 0.955777 1.540376 0.076452 0.000000 -0.000000
905 3469.306843 49.095504 -1.311121 10.353488 0.308658 1.848882 0.049629 0.000000 -0.000000
906 3473.144572 36.588702 1.816313 14.653226 -0.875493 1.592199 -0.079180 0.000000 -0.000000
907 3476.982300 24.371177 1.366951 23.148554 -1.338141 1.318501 -0.063452 -0.000000 -0.000000
908 3480.820029 15.608253 0.916220 35.194923 -1.800790 1.105196 -0.047708 -0.000000 -0.000000
909 3484.657758 10.797882 -0.185505 48.563471 0.752851 0.957151 0.014886 -0.000000 -0.000000
910 3488.495487 16.319116 -0.960749 33.848191 1.755134 1.123559 0.049262 -0.000000 -0.000000
911 3492.333216 25.423408 -1.411365 22.152259 1.292485 1.342827 0.065005 -0.000000 -0.000000
912 3496.170944 37.981245 -1.860567 14.007369 0.829836 1.622481 0.080732 -0.000000 -0.000000
913 3500.008673 47.648524 2.143833 10.703106 -0.538785 1.821281 -0.082501 -0.000000 -0.000000
914 3503.846402 32.921306 1.694150 16.614047 -1.001434 1.511715 -0.074901 -0.000000 -0.000000
915 3507.684131 21.643118 1.244371 26.076031 -1.464083 1.254451 -0.059168 -0.000000 -0.000000
916 3511.521860 13.822263 0.793324 39.089057 -1.926732 1.057579 -0.043790 -0.000000 -0.000000
917 3515.359588 11.870303 -0.631876 44.592910 2.091841 0.997604 0.043790 -0.000000 0.000000
918 3519.197317 18.454783 -1.083529 30.312593 1.629192 1.177262 0.053549 -0.000000 0.000000
919 3523.035046 28.500239 -1.533805 19.583317 1.166543 1.412974 0.069288 -0.000000 0.000000
920 3526.872775 41.996423 -1.982982 12.405084 0.703894 1.708287 0.082501 -0.000000 0.000000
921 3530.710504 43.297386 2.021140 11.960411 -0.664726 1.735092 -0.082501 -0.000000 0.000000
922 3534.548233 29.509289 1.571861 18.838010 -1.127375 1.435703 -0.070620 -0.000000 0.000000
923 3538.385961 19.171275 1.121698 29.266650 -1.590024 1.194877 -0.054882 -0.000000 0.000000
924 3542.223690 12.293348 0.670176 43.246332 -2.052673 1.011832 -0.043790 0.000000 0.000000
925 3546.061419 13.319196 -0.755025 40.353796 1.965900 1.043352 0.043790 0.000000 0.000000
926 3549.899148 20.846903 -1.206229 27.040136 1.503251 1.235444 0.057835 0.000000 0.000000
927 3553.736877 31.832779 -1.656131 17.277517 1.040602 1.487596 0.073569 0.000000 0.000000
928 3557.574605 46.267834 -2.105675 11.065941 0.577953 1.794476 0.082501 0.000000 0.000000
929 3561.412334 39.202595 1.898518 13.480858 -0.790667 1.648927 -0.082062 0.000000 0.000000
930 3565.250063 26.352906 1.449456 21.325113 -1.253316 1.364163 -0.066337 0.000000 0.000000
931 3569.087792 16.955832 0.998942 32.720410 -1.715965 1.139781 -0.050595 0.000000 0.000000
932 3572.925521 11.023244 0.510120 47.660257 -2.019028 0.966150 -0.040552 0.000000 0.000000
933 3576.763249 15.025295 -0.878013 36.377824 1.839959 1.089913 0.046374 0.000000 -0.000000
934 3580.600978 23.495299 -1.328839 24.030820 1.377310 1.298102 0.062120 0.000000 -0.000000
935 3584.438707 35.420779 -1.778334 15.234858 0.914661 1.566689 0.077850 0.000000 -0.000000
936 3588.276436 49.533130 0.031998 10.251074 -0.007444 1.857147 -0.001206 0.000000 -0.000000
937 3592.114165 35.363345 1.776445 15.264445 -0.916609 1.565432 -0.077783 0.000000 -0.000000
938 3595.951893 23.452390 1.326943 24.075357 -1.379258 1.297099 -0.062053 0.000000 -0.000000
939 3599.789622 14.996954 0.876113 36.437311 -1.841906 1.089164 -0.046308 0.000000 -0.000000
940 3603.627351 11.039994 -0.526631 47.594021 2.080522 0.966816 0.041836 0.000000 -0.000000
941 3607.465080 16.988142 -1.000842 32.664993 1.714017 1.140599 0.050662 -0.000000 -0.000000
942 3611.302809 26.399773 -1.451350 21.284645 1.251369 1.365236 0.066403 -0.000000 -0.000000
943 3615.140537 39.263973 -1.900405 13.455340 0.788720 1.650254 0.082128 -0.000000 -0.000000
944 3618.978266 46.199823 2.103777 11.084648 -0.579901 1.793143 -0.082501 -0.000000 -0.000000
945 3622.815995 31.779294 1.654240 17.311174 -1.042550 1.486408 -0.073503 -0.000000 -0.000000
946 3626.653724 20.807956 1.204332 27.088742 -1.505199 1.234510 -0.057769 -0.000000 -0.000000
947 3630.491453 13.294829 0.753120 40.417353 -1.967848 1.042644 -0.043790 -0.000000 -0.000000
948 3634.329182 12.315034 -0.672080 43.180035 2.050725 1.012539 0.043790 -0.000000 0.000000
949 3638.166910 19.207552 -1.123596 29.215302 1.588076 1.195765 0.054948 -0.000000 0.000000
950 3642.004639 29.560112 -1.573753 18.801612 1.125427 1.436844 0.070686 -0.000000 0.000000
951 3645.842368 43.362726 -2.023037 11.938963 0.662778 1.736425 0.082501 -0.000000 0.000000
952 3649.680097 41.932377 1.981084 12.427861 -0.705842 1.706954 -0.082501 -0.000000 0.000000
953 3653.517826 28.450707 1.531912 19.621044 -1.168491 1.411855 -0.069222 -0.000000 0.000000
954 3657.355554 18.419801 1.081631 30.365269 -1.631140 1.176398 -0.053483 -0.000000 0.000000
955 3661.193283 11.849916 0.629971 44.660536 -2.093789 0.996897 -0.043790 -0.000000 0.000000
956 3665.031012 13.847929 -0.795229 39.026829 1.924784 1.058287 0.043790 -0.000000 0.000000
957 3668.868741 21.683358 -1.246267 26.028753 1.462135 1.255408 0.059234 -0.000000 0.000000
958 3672.706470 32.976080 -1.696040 16.581719 0.999486 1.512926 0.074967 0.000000 0.000000
959 3676.544198 47.717829 -2.145731 10.685727 0.536837 1.822614 0.082501 0.000000 0.000000
960 3680.381927 37.921285 1.858391 14.034215 -0.831783 1.620766 -0.082501 0.000000 0.000000
961 3684.219656 25.389796 1.395369 22.191664 -1.283677 1.304221 -0.081864 0.000000 0.000000
962 3688.057385 16.645598 0.920839 33.440650 -1.679802 0.998356 -0.078783 0.000000 0.000000
963 3691.895114 11.209907 0.495283 48.017091 -2.118393 0.724003 -0.067320 0.000000 0.000000
964 3695.732842 11.959812 -0.488125 50.039351 0.651171 0.559467 -0.030939 0.000000 -0.000000
965 3699.570571 17.227760 -0.884409 45.460454 0.541956 0.469118 -0.015655 0.000000 -0.000000
966 3703.408300 25.534032 -1.279782 41.719827 0.432742 0.439344 0.000139 0.000000 -0.000000
967 3707.246029 36.872549 -1.675091 38.817470 0.323528 0.462361 0.007909 0.000000 -0.000000
968 3711.083758 54.449587 -2.658691 34.176788 0.612368 0.509182 0.013237 0.000000 -0.000000
969 3714.921487 77.038758 -3.227387 30.069121 0.457970 0.559981 0.013237 0.000000 -0.000000
970 3718.759215 103.992928 -3.796083 27.146537 0.303571 0.610779 0.013237 0.000000 -0.000000
971 3722.596944 134.305116 -1.476797 25.600780 -0.398563 0.659104 -0.000887 0.000000 -0.000000
972 3726.434673 112.899388 2.981695 36.627584 -1.711372 0.573083 -0.024168 0.000000 0.000000
973 3730.272402 91.303771 2.645492 51.342937 -2.123019 0.480332 -0.024168 0.000000 0.000000
974 3734.110131 72.288664 2.309289 69.217870 -2.534666 0.387580 -0.024168 0.000000 0.000000
975 3737.947859 55.854065 1.973087 90.252384 -2.946314 0.294829 -0.024168 0.000000 0.000000
976 3741.785588 67.405606 -3.111687 70.543981 4.424259 0.268397 0.003074 0.000000 -0.000000
977 3745.623317 93.602328 -3.713843 40.881218 3.304990 0.310524 0.018879 0.000000 -0.000000
978 3749.461046 124.412359 -4.315713 19.809357 2.185721 0.407862 0.027990 0.000000 -0.000000
979 3753.298775 57.239120 14.339369 20.439698 -1.869279 0.320918 -0.060187 0.000000 -0.000000
980 3757.136503 0.342347 0.485763 38.025646 -2.713105 0.106724 -0.048425 0.000000 -0.000000
981 3760.974232 49.782677 -13.367393 62.088341 -3.556930 -0.048762 -0.032604 0.000000 -0.000000
982 3764.811961 205.519642 -27.213437 92.627783 -4.400756 -0.150434 -0.024330 0.000000 -0.000000
983 3768.649690 691.871529 -97.590568 74.259809 5.194657 -0.294411 -0.043927 0.000000 -0.000000
984 3772.487419 1292.231749 -18.075461 54.839824 -0.955719 -0.410941 -0.007503 -0.000000 -0.000000
985 3776.325147 1300.021597 0.004076 68.778136 -1.998653 -0.418891 -0.001747 -0.000000 -0.000000
986 3780.162876 1300.001642 0.001124 85.188258 -2.277346 -0.425596 -0.001747 -0.000000 -0.000000
987 3784.000605 1300.004346 -0.001828 103.737474 -2.556038 -0.432301 -0.001747 -0.000000 -0.000000
988 3787.838334 1300.029708 -0.004780 124.425786 -2.834731 -0.439005 -0.001747 -0.000000 -0.000000
989 3791.676063 1300.169177 -0.008367 147.233356 -3.106700 -0.439410 0.006550 -0.000000 -0.000000
990 3795.513791 1296.959791 6.591406 172.530014 -4.253277 -0.387832 0.017020 -0.000000 -0.000000
991 3799.351520 1220.482057 9.934443 210.781138 -5.261723 -0.318487 0.018107 -0.000000 -0.000000
992 3803.189249 1145.433709 9.620964 253.171665 -5.784009 -0.248997 0.018107 -0.000000 -0.000000
993 3807.026978 1072.791455 9.307485 299.570976 -6.306295 -0.179507 0.018107 -0.000000 -0.000000
994 3810.864707 1002.555295 8.994006 349.979072 -6.828582 -0.110016 0.018107 -0.000000 -0.000000
995 3814.702436 935.052608 8.680531 404.276328 -7.326861 -0.051438 0.001094 -0.000000 -0.000000
996 3818.540164 821.441272 46.874402 488.654436 -29.910109 -0.032178 -0.011312 -0.000000 -0.000000
997 3822.377893 265.779530 53.711724 1068.931528 -76.470940 -0.015322 -0.009780 -0.000000 -0.000000
998 3826.215622 76.105336 10.371418 800.389769 98.266791 -0.002142 0.001708 -0.000000 0.000000
999 3830.053351 19.216198 4.797942 204.696420 53.310466 -0.000000 0.000000 -0.000000 0.000000
1000 3833.891080 0.800500 0.000000 0.072000 0.000000 -0.000000 -0.024997 0.000000 0.000000
